3264.143387795, 1.002597369,
3264.163823177, 1.003324986,
3264.184258759, 1.003206193,
3264.204694242, 1.003274736,
3264.225129625, 1.003094490,
3264.245565208, 1.003348431,
3264.266000692, 1.003372449,
3264.286436176, 1.003205869,
3264.306871660, 1.003914213,
3264.327307145, 1.003911627,
3264.347742629, 1.003498471,
3264.388613600, 1.003651188,
3264.409049086, 1.003582249,
3264.429484572, 1.003163108,
3264.449920058, 1.003318033,
3264.552097494, 1.003620303,
3264.572532982, 1.003596581,
3264.592968570, 1.003866769,
3264.613403959, 1.004065014,
3264.633839548, 1.003496699,
3264.654275037, 1.003631057,
3264.674710426, 1.003944253,
3264.695146016, 1.003714491,
3264.715581506, 1.003912765,
3264.736016897, 1.003934326,
3264.756452487, 1.003868848,
3264.776887978, 1.004184192,
3264.797323370, 1.003813512,
3264.817758961, 1.004652948,
3264.838194453, 1.004125826,
3264.879065437, 1.003958250,
3264.899500930, 1.004013393,
3264.919936523, 1.003501763,
3264.940372016, 1.003834191,
3264.960807410, 1.004010610,
3264.981243004, 1.004083886,
3265.001678498, 1.004867167,
3265.022113892, 1.005403325,
3265.042549487, 1.004542298,
3265.062984882, 1.004113290,
3265.083420377, 1.003937560,
3265.124291369, 1.004097334,
3265.144726965, 1.003513649,
3265.165162461, 1.003478600,
3265.185597858, 1.003703444,
3265.206033455, 1.004006926,
3265.226468952, 1.004101213,
3265.246904350, 1.004025637,
3265.267339948, 1.004023529,
3265.287775446, 1.003458798,
3265.308210844, 1.003701060,
3265.328646443, 1.003619210,
3265.369517541, 1.003516292,
3265.451259441, 1.007426315,
3265.471694942, 1.005123027,
3265.492130543, 1.004670882,
3265.512566044, 1.004674023,
3265.533001446, 1.005286183,
3265.553437048, 1.005615992,
3265.573872550, 1.004471388,
3265.614743555, 1.003830829,
3265.635179058, 1.003793052,
3265.655614561, 1.003855920,
3265.676050064, 1.003722467,
3265.696485568, 1.003782885,
3265.716921172, 1.003515407,
3265.757792081, 1.003384993,
3265.778227586, 1.003660302,
3265.798663091, 1.003566414,
3265.819098697, 1.003397204,
3265.859969609, 1.003709413,
3265.880405215, 1.003663648,
3265.900840622, 1.003845922,
3265.921276128, 1.003675562,
3265.941711736, 1.003648614,
3265.962147143, 1.003761647,
3265.982582651, 1.003471995,
3266.003018259, 1.003326310,
3266.023453767, 1.003482460,
3266.043889275, 1.003530046,
3266.064324784, 1.003417350,
3266.084760293, 1.003460971,
3266.105195803, 1.003135674,
3266.125631312, 1.003732529,
3266.146066822, 1.003418371,
3266.166502432, 1.003391090,
3266.186937843, 1.003532398,
3266.207373354, 1.005239096,
3266.227808965, 1.003272835,
3266.248244376, 1.003360024,
3266.268679987, 1.003024484,
3266.289115499, 1.003152386,
3266.309550911, 1.003349837,
3266.370857449, 1.004228015,
3266.391293062, 1.003729279,
3266.411728576, 1.004038433,
3266.432163990, 1.003915552,
3266.452599604, 1.004260743,
3266.473035018, 1.004379918,
3266.493470632, 1.003571741,
3266.513906147, 1.003877501,
3266.534341662, 1.003719074,
3266.554777178, 1.003658714,
3266.595648209, 1.003249738,
3266.616083725, 1.003347388,
3266.636519242, 1.003266663,
3266.656954759, 1.003210276,
3266.677390276, 1.004062147,
3266.697825793, 1.003437739,
3266.718261410, 1.003160739,
3266.738696928, 1.003037576,
3266.759132346, 1.002866341,
3266.779567964, 1.003376837,
3266.800003483, 1.002649385,
3266.820438902, 1.002960746,
3266.840874521, 1.003485823,
3266.861310040, 1.003862913,
3266.881745660, 1.003371133,
3266.902181080, 1.003024168,
3266.922616600, 1.002885586,
3266.943052221, 1.002758374,
3266.963487641, 1.002864390,
3266.983923162, 1.002919754,
3267.004358784, 1.003014335,
3267.024794205, 1.002938986,
3267.045229727, 1.002936197,
3267.086100771, 1.002792626,
3267.106536394, 1.002891794,
3267.126971917, 1.002789500,
3267.147407340, 1.002486203,
3267.167842963, 1.002543003,
3267.188278487, 1.002510539,
3267.208713911, 1.002896528,
3267.229149535, 1.002834476,
3267.249585059, 1.003419554,
3267.270020484, 1.003205957,
3267.290456109, 1.002996576,
3267.331327260, 1.002833468,
3267.351762686, 1.002515445,
3267.372198212, 1.002623224,
3267.392633838, 1.002855982,
3267.413069264, 1.002296238,
3267.433504791, 1.002458407,
3267.453940418, 1.002487889,
3267.474375846, 1.002562962,
3267.494811373, 1.002669461,
3267.515247001, 1.003533398,
3267.535682429, 1.002360350,
3267.556118057, 1.002500204,
3267.576553586, 1.002586499,
3267.596989015, 1.002675436,
3267.617424644, 1.002216994,
3267.637860173, 1.002096585,
3267.658295703, 1.002165382,
3267.678731233, 1.002357293,
3267.699166763, 1.002301075,
3267.719602294, 1.002356132,
3267.740037824, 1.002369955,
3267.760473355, 1.002333775,
3267.780908986, 1.002703960,
3267.821779950, 1.002358317,
3267.842215481, 1.002327507,
3267.862651014, 1.002280990,
3267.883086546, 1.002148582,
3267.903522179, 1.002031197,
3267.923957612, 1.002288075,
3267.944393145, 1.002724117,
3267.964828779, 1.002415449,
3267.985264212, 1.001966861,
3268.005699846, 1.001851111,
3268.026135381, 1.002473776,
3268.067006450, 1.002481321,
3268.087441985, 1.002567355,
3268.107877420, 1.001955811,
3268.128313056, 1.001852057,
3268.148748592, 1.001448246,
3268.169184228, 1.001481144,
3268.189619664, 1.001464558,
3268.230490837, 1.001779155,
3268.250926274, 1.001366134,
3268.271361812, 1.001684776,
3268.312232887, 1.001344972,
3268.332668425, 1.001476712,
3268.353104063, 1.001745720,
3268.373539602, 1.001487049,
3268.393975140, 1.001750064,
3268.414410680, 1.001363561,
3268.434846219, 1.001065103,
3268.455281758, 1.001147375,
3268.475717298, 1.001167504,
3268.496152838, 1.001328896,
3268.516588379, 1.000785953,
3268.557459360, 1.001068283,
3268.577895001, 1.001068388,
3268.598330542, 1.000862671,
3268.618766184, 1.000523501,
3268.639201626, 1.000379956,
3268.659637168, 1.000467288,
3268.680072810, 1.000418758,
3268.700508252, 1.000034619,
3268.720943795, 1.000109712,
3268.741379438, 1.000158709,
3268.761814881, 1.000125256,
3268.802686069, 0.999310572,
3268.823121513, 1.000944922,
3268.843557157, 1.000534126,
3268.863992701, 1.000067113,
3268.884428246, 0.999608792,
3268.904863791, 1.001621318,
3268.925299336, 0.999631727,
3268.945734882, 1.000241609,
3268.966170428, 1.001633664,
3268.986605974, 1.001269895,
3269.007041520, 1.000326971,
3269.027477166, 0.999500725,
3269.047912613, 0.999862894,
3269.068348260, 0.999220891,
3269.088783807, 0.999084047,
3269.109219254, 0.999008348,
3269.129654902, 0.998936106,
3269.150090450, 0.998806984,
3269.170525898, 0.998861263,
3269.190961546, 0.998643382,
3269.211396995, 0.998689226,
3269.231832544, 0.998590179,
3269.252268193, 0.998576199,
3269.293139292, 0.998231697,
3269.313574842, 0.998402318,
3269.334010292, 0.998444371,
3269.354445942, 0.998275728,
3269.374881493, 0.998257567,
3269.395317043, 0.998123465,
3269.415752594, 0.998100745,
3269.436188146, 0.997797204,
3269.456623697, 0.997885921,
3269.477059249, 1.003831489,
3269.497494801, 1.003704658,
3269.517930453, 1.001378478,
3269.538366006, 0.999212048,
3269.558801458, 0.998470051,
3269.579237111, 0.999117133,
3269.599672664, 0.998348752,
3269.620108118, 0.998278881,
3269.640543771, 0.997658383,
3269.660979325, 0.997635947,
3269.681414779, 0.997392385,
3269.701850434, 0.996754465,
3269.722285988, 0.996941758,
3269.742721643, 0.996768551,
3269.783592653, 0.996865442,
3269.804028309, 0.996765784,
3269.824463764, 0.996769282,
3269.844899320, 0.996428892,
3269.865334877, 0.996358502,
3269.885770433, 0.996021576,
3269.906206090, 0.995842982,
3269.926641547, 0.995828191,
3269.947077104, 0.995443582,
3269.967512761, 0.995701240,
3269.987948219, 0.995566334,
3270.028819435, 0.996808430,
3270.049254993, 0.995738319,
3270.069690451, 0.995694048,
3270.090126110, 0.995744839,
3270.110561669, 0.995817625,
3270.130997228, 0.997220620,
3270.151432788, 0.996693583,
3270.171868348, 0.995997268,
3270.192304008, 0.995496542,
3270.212739468, 0.995338930,
3270.233175028, 0.995209707,
3270.294481710, 0.995268124,
3270.314917372, 0.995049252,
3270.335352833, 0.994589884,
3270.355788495, 0.994881822,
3270.376224057, 0.994642805,
3270.396659519, 0.994687459,
3270.417095182, 0.994701244,
3270.437530744, 0.995591632,
3270.457966207, 0.994805505,
3270.478401870, 0.994550041,
3270.498837434, 0.994221709,
3270.519272997, 0.994250488,
3270.539708561, 0.994056489,
3270.560144125, 0.993752385,
3270.580579689, 0.993920450,
3270.621450818, 0.993434208,
3270.641886383, 0.993427704,
3270.662321948, 0.993898248,
3270.682757514, 0.993941827,
3270.703193079, 0.993324392,
3270.723628645, 0.993352346,
3270.764499877, 0.993668008,
3270.784935344, 0.993647352,
3270.805371010, 0.993706462,
3270.825806577, 0.993495848,
3270.846242044, 0.993749957,
3270.866677712, 0.993545205,
3270.887113279, 0.993555237,
3270.927984415, 0.993828576,
3270.948419983, 0.993495304,
3270.968855452, 0.993325298,
3271.009726690, 0.993553387,
3271.030162359, 0.993448485,
3271.050597828, 0.993561768,
3271.071033398, 0.993315446,
3271.091469067, 0.993199121,
3271.111904537, 0.992888868,
3271.132340108, 0.992966737,
3271.152775778, 0.993360252,
3271.173211249, 0.992981442,
3271.193646820, 0.993013239,
3271.214082491, 0.993134932,
3271.254953633, 0.993158991,
3271.275389205, 0.992986019,
3271.295824677, 0.993141312,
3271.316260349, 0.992885788,
3271.336695922, 0.993132956,
3271.357131394, 0.993165559,
3271.377567067, 0.992493308,
3271.398002640, 0.992658605,
3271.418438113, 0.992731424,
3271.438873787, 0.992986947,
3271.459309361, 0.992569778,
3271.479745035, 0.992138653,
3271.500180509, 0.992630346,
3271.520616083, 0.994123250,
3271.541051758, 0.993831399,
3271.561487232, 0.993354755,
3271.581922807, 0.992880224,
3271.602358483, 0.993027977,
3271.622793958, 0.992290096,
3271.643229534, 0.992486190,
3271.663665209, 0.994259533,
3271.684100785, 0.992881661,
3271.704536362, 0.992804629,
3271.745407515, 0.992234731,
3271.765843092, 0.992269889,
3271.786278669, 0.992036620,
3271.806714246, 0.992293171,
3271.827149924, 0.992146839,
3271.847585401, 0.992176127,
3271.868020979, 0.992542601,
3271.888456657, 0.992294736,
3271.908892136, 0.991712237,
3271.929327814, 0.991895446,
3271.949763293, 0.991917368,
3271.990634551, 0.991776323,
3272.011070031, 0.991810873,
3272.031505610, 0.992076921,
3272.051941290, 0.991884603,
3272.072376770, 0.991946339,
3272.092812350, 0.991387544,
3272.113248031, 0.991119602,
3272.133683511, 0.991368199,
3272.154119192, 0.991133266,
3272.174554773, 0.991043431,
3272.194990255, 0.991235695,
3272.235861518, 0.991485670,
3272.256297100, 0.991320421,
3272.276732682, 0.991098545,
3272.297168264, 0.991102368,
3272.317603847, 0.990976427,
3272.338039429, 0.990987554,
3272.358475012, 0.991235548,
3272.378910695, 0.991001057,
3272.399346279, 0.990731193,
3272.419781762, 0.990890985,
3272.440217446, 0.990787898,
3272.460653030, 0.990553210,
3272.481088514, 0.990301059,
3272.501524198, 0.990477997,
3272.521959783, 0.990593858,
3272.542395268, 0.990388759,
3272.562830953, 0.990240718,
3272.583266538, 0.990281056,
3272.603702123, 0.990335329,
3272.624137709, 0.990650628,
3272.644573294, 0.989966210,
3272.665008880, 0.990160572,
3272.685444467, 0.989821891,
3272.726315640, 0.990402156,
3272.746751226, 0.990030899,
3272.767186813, 0.989987811,
3272.787622400, 0.989950796,
3272.808057988, 0.989896345,
3272.828493675, 0.989951863,
3272.848929163, 0.989701416,
3272.869364751, 0.989677310,
3272.889800439, 0.989735905,
3272.910236027, 0.989675935,
3272.930671516, 0.990254490,
3272.951107205, 0.990027017,
3272.971542794, 0.989931427,
3272.991978283, 0.990070132,
3273.012413972, 0.989752546,
3273.032849562, 0.989489028,
3273.053285251, 0.989757005,
3273.073720741, 0.989338242,
3273.094156331, 0.989578371,
3273.114592022, 0.989402641,
3273.135027512, 0.989035507,
3273.155463103, 0.989111626,
3273.175898794, 0.989164609,
3273.216769876, 0.990808871,
3273.237205568, 0.990655416,
3273.257641059, 0.990029125,
3273.278076751, 0.989910605,
3273.298512343, 0.989869952,
3273.318947836, 0.990661849,
3273.339383528, 0.991223078,
3273.359819021, 0.989637528,
3273.380254614, 0.989167632,
3273.400690307, 0.988978159,
3273.421125800, 0.988992981,
3273.461997087, 0.989244353,
3273.482432681, 0.990223462,
3273.502868275, 0.989043689,
3273.523303869, 0.988354617,
3273.543739463, 0.988626320,
3273.564175158, 0.988596403,
3273.584610652, 0.992690160,
3273.605046247, 0.988710934,
3273.625481943, 0.987801328,
3273.645917438, 0.988033324,
3273.666353033, 0.987885339,
3273.707224225, 0.987984502,
3273.727659921, 0.988031086,
3273.748095517, 0.988018925,
3273.768531014, 0.987980117,
3273.788966710, 0.987656958,
3273.809402307, 0.987334988,
3273.829837804, 0.987390394,
3273.850273501, 0.987436329,
3273.870709099, 0.987484790,
3273.891144696, 0.987543276,
3273.911580294, 0.987229946,
3273.952451590, 0.987496180,
3273.972887088, 0.987353647,
3273.993322687, 0.987170588,
3274.013758286, 0.987356191,
3274.034193885, 0.987351118,
3274.054629484, 0.987666994,
3274.075065183, 0.987244316,
3274.095500682, 0.986736261,
3274.115936282, 0.986885626,
3274.136371982, 0.986828872,
3274.156807482, 0.986256413,
3274.218114283, 0.986786402,
3274.238549983, 0.987385555,
3274.258985584, 0.986735000,
3274.279421085, 0.987108519,
3274.299856786, 0.986646711,
3274.320292388, 0.987176379,
3274.340727890, 0.986998439,
3274.361163591, 0.986454892,
3274.381599193, 0.986611527,
3274.402034895, 0.986369070,
3274.442906000, 0.986629086,
3274.463341703, 0.986601331,
3274.483777206, 0.986930995,
3274.504212809, 0.986385933,
3274.524648512, 0.986499654,
3274.545084116, 0.986394519,
3274.565519619, 0.986739279,
3274.585955323, 0.987392199,
3274.606390927, 0.987233674,
3274.626826531, 0.986945430,
3274.647262135, 0.986692709,
3274.667697740, 0.986497508,
3274.688133344, 0.986443199,
3274.708568949, 0.986725150,
3274.729004454, 0.986620580,
3274.749440159, 0.986489704,
3274.769875765, 0.986418397,
3274.790311270, 0.986262363,
3274.810746976, 0.985861328,
3274.831182582, 0.986171321,
3274.851618288, 0.986400310,
3274.872053794, 0.987537118,
3274.892489401, 0.986454685,
3274.933360614, 0.986604817,
3274.953796221, 0.986400554,
3274.974231928, 0.986348858,
3274.994667435, 0.986451429,
3275.015103043, 0.986091291,
3275.035538750, 0.986357399,
3275.055974258, 0.986477645,
3275.076409866, 0.986072611,
3275.096845574, 0.986524588,
3275.117281183, 0.986554478,
3275.137716791, 0.986412590,
3275.178588008, 0.986057663,
3275.199023617, 0.986781360,
3275.219459227, 0.986549546,
3275.239894836, 0.986682920,
3275.260330545, 0.986416106,
3275.280766055, 0.986822582,
3275.301201665, 0.986381180,
3275.321637375, 0.986258407,
3275.342072885, 0.986241291,
3275.362508595, 0.986425190,
3275.382944106, 0.986703599,
3275.403379717, 0.986965853,
3275.423815428, 0.986752653,
3275.444250939, 0.986613592,
3275.464686550, 0.986917853,
3275.485122261, 0.986980725,
3275.505557773, 0.986457614,
3275.525993384, 0.986396580,
3275.546429096, 0.986764687,
3275.566864608, 0.986508022,
3275.587300320, 0.986652117,
3275.607735933, 0.986506280,
3275.628171545, 0.986851583,
3275.669042771, 0.986880734,
3275.689478384, 0.986842938,
3275.709913997, 0.986520548,
3275.730349610, 0.986676734,
3275.750785224, 0.986419859,
3275.771220938, 0.986730978,
3275.791656451, 0.986622080,
3275.812092165, 0.986771251,
3275.832527780, 0.986530470,
3275.873399008, 0.986870575,
3275.914270138, 0.987237304,
3275.934705853, 0.986842753,
3275.955141468, 0.987158337,
3275.975576983, 0.986853813,
3275.996012699, 0.987102799,
3276.016448314, 0.987245709,
3276.036884030, 0.987367658,
3276.057319546, 0.987362966,
3276.077755162, 0.987952250,
3276.098190779, 0.987614163,
3276.118626395, 0.987530068,
3276.159497628, 0.987625528,
3276.179933245, 0.987780901,
3276.200368862, 0.987896807,
3276.220804479, 0.987853007,
3276.241240097, 0.987967265,
3276.261675814, 0.987891517,
3276.282111432, 0.988232829,
3276.302546950, 0.988364988,
3276.322982668, 0.987697942,
3276.343418286, 0.988179591,
3276.363853804, 0.988856754,
3276.404725142, 0.988877847,
3276.425160660, 0.988351559,
3276.445596379, 0.988413277,
3276.466031998, 0.989141200,
3276.486467718, 0.989266754,
3276.506903237, 0.988908679,
3276.527338857, 0.989026525,
3276.547774576, 0.990240365,
3276.568210096, 0.989282628,
3276.588645716, 0.989055306,
3276.609081436, 0.990771465,
3276.649952577, 0.996899740,
3276.670388298, 0.995164568,
3276.690823819, 0.993473600,
3276.711259540, 0.992971636,
3276.731695161, 0.992842787,
3276.752130782, 0.992082024,
3276.772566403, 0.992033481,
3276.793002025, 0.991855621,
3276.813437647, 0.991479475,
3276.833873268, 0.991321581,
3276.854308891, 0.991231034,
3276.874744413, 0.990963928,
3276.895180135, 0.991361461,
3276.915615757, 0.991113417,
3276.936051480, 0.991067228,
3276.956487003, 0.991392306,
3276.976922626, 0.991489671,
3276.997358349, 0.991391583,
3277.017793872, 0.991644101,
3277.038229495, 0.991541910,
3277.058665219, 0.991634623,
3277.079100742, 0.992162374,
3277.099536366, 0.991788671,
3277.140407614, 0.992000990,
3277.160843239, 0.991834611,
3277.181278963, 0.992126926,
3277.201714487, 0.992041432,
3277.222150212, 0.992337596,
3277.242585837, 0.992518656,
3277.263021462, 0.992538823,
3277.283457087, 0.992797652,
3277.303892712, 0.992711295,
3277.324328338, 0.993092821,
3277.344763963, 0.992895361,
3277.385635215, 0.993652620,
3277.406070941, 0.994065115,
3277.426506467, 0.994094303,
3277.446942193, 0.994964151,
3277.467377720, 0.998466142,
3277.487813346, 0.999934293,
3277.508249073, 0.996402349,
3277.528684600, 0.995319497,
3277.549120227, 0.995147324,
3277.569555954, 0.994903580,
3277.589991481, 0.994613368,
3277.630862836, 0.994978841,
3277.651298364, 0.994483074,
3277.671734092, 0.994929636,
3277.692169720, 0.994615765,
3277.712605248, 0.994796404,
3277.733040976, 0.994665982,
3277.753476604, 0.994958699,
3277.773912233, 0.995006553,
3277.794347862, 0.994930532,
3277.814783490, 0.995300953,
3277.835219119, 0.995209471,
3277.876090378, 0.995323989,
3277.896526107, 0.995798485,
3277.916961637, 0.996233008,
3277.937397266, 0.996274554,
3277.957832996, 0.995665632,
3277.978268626, 0.996036783,
3277.998704156, 0.995798846,
3278.019139886, 0.995950852,
3278.039575516, 0.995849405,
3278.060011047, 0.996140483,
3278.080446778, 0.996247623,
3278.121318039, 0.996737990,
3278.141753670, 0.996634398,
3278.162189301, 0.996583164,
3278.182624933, 0.996604321,
3278.203060564, 0.996773198,
3278.223496196, 0.996573352,
3278.243931827, 0.996683713,
3278.264367459, 0.996959468,
3278.284802991, 0.996932698,
3278.305238723, 0.997055973,
3278.325674355, 0.997123514,
3278.366545620, 0.997531585,
3278.386981253, 0.997476630,
3278.407416985, 0.997670889,
3278.427852618, 0.997575076,
3278.448288151, 0.997660958,
3278.468723884, 0.998730454,
3278.489159518, 0.998165183,
3278.509595051, 0.998753869,
3278.530030785, 0.998297346,
3278.550466418, 0.998288575,
3278.570901952, 0.998187883,
3278.611773320, 0.998677255,
3278.632209054, 0.998678775,
3278.652644588, 0.998836724,
3278.673080223, 0.998350200,
3278.693515957, 0.998961846,
3278.713951492, 0.999022019,
3278.734387127, 1.000443901,
3278.754822862, 0.999577661,
3278.775258397, 0.999144359,
3278.795694032, 0.999163948,
3278.816129767, 0.999152830,
3278.836565303, 0.999191901,
3278.857001038, 0.999252439,
3278.877436574, 1.000264959,
3278.897872210, 0.999787268,
3278.918307946, 0.999714408,
3278.938743482, 0.999682975,
3278.959179118, 0.999403183,
3278.979614854, 0.999774358,
3279.000050491, 1.000408777,
3279.020486027, 1.000457891,
3279.040921764, 1.000328570,
3279.061357401, 1.000458913,
3279.102228675, 1.000790568,
3279.122664312, 1.000784498,
3279.143100050, 1.000586355,
3279.163535587, 1.000609290,
3279.183971225, 1.000834651,
3279.204406962, 1.000490459,
3279.224842500, 1.000937091,
3279.245278138, 1.000958332,
3279.265713876, 1.000909652,
3279.286149414, 1.000709725,
3279.306585152, 1.000760125,
3279.347456329, 1.001065138,
3279.367892068, 1.002956959,
3279.388327707, 1.001995356,
3279.408763346, 1.001739005,
3279.429198985, 1.001583895,
3279.449634624, 1.001686461,
3279.470070263, 1.001724747,
3279.490505902, 1.001765228,
3279.510941542, 1.001943186,
3279.531377181, 1.001999087,
3279.551812821, 1.001960336,
3279.592684101, 1.001998083,
3279.633555381, 1.002434059,
3279.653991122, 1.002257614,
3279.674426662, 1.002239588,
3279.715298043, 1.002673352,
3279.735733584, 1.002893037,
3279.756169225, 1.002854989,
3279.776604966, 1.002941129,
3279.797040507, 1.002965110,
3279.837911889, 1.003229433,
3279.858347431, 1.003114288,
3279.878783172, 1.003642406,
3279.899218814, 1.003417114,
3279.919654356, 1.004008631,
3279.940090098, 1.003533534,
3279.960525740, 1.003502533,
3279.980961382, 1.003699925,
3280.001397024, 1.004163748,
3280.021832666, 1.004367704,
3280.042268409, 1.004050672,
3280.083139594, 1.003868013,
3280.103575337, 1.004187252,
3280.124010980, 1.004170374,
3280.144446523, 1.004602813,
3280.164882266, 1.004296696,
3280.185317909, 1.004399022,
3280.205753453, 1.004049738,
3280.226189196, 1.004758077,
3280.246624740, 1.004212225,
3280.267060483, 1.004543193,
3280.287496127, 1.004908401,
3280.307931671, 1.005177983,
3280.328367415, 1.005124425,
3280.348803059, 1.004614706,
3280.369238603, 1.005125044,
3280.389674348, 1.005248033,
3280.410109992, 1.005278829,
3280.430545537, 1.005305716,
3280.450981281, 1.005363241,
3280.471416926, 1.005518530,
3280.491852571, 1.005530665,
3280.512288216, 1.005441879,
3280.532723861, 1.005377065,
3280.573595151, 1.005853858,
3280.594030797, 1.005918811,
3280.614466542, 1.005903166,
3280.634902188, 1.005794306,
3280.655337733, 1.005900213,
3280.675773479, 1.005853652,
3280.696209125, 1.006529091,
3280.716644671, 1.006771700,
3280.737080417, 1.007034165,
3280.757516063, 1.010304646,
3280.777951810, 1.006884240,
3280.818823003, 1.006571767,
3280.839258749, 1.006652356,
3280.859694296, 1.006615855,
3280.880129943, 1.006186543,
3280.900565590, 1.006256809,
3280.921001237, 1.006525340,
3280.941436884, 1.006776057,
3280.961872631, 1.006816663,
3280.982308178, 1.006876043,
3281.002743926, 1.006887608,
3281.023179473, 1.007139039,
3281.064050869, 1.007178249,
3281.084486416, 1.007260226,
3281.104922064, 1.007190662,
3281.125357812, 1.007513298,
3281.145793460, 1.007774580,
3281.166229009, 1.007399135,
3281.186664757, 1.007369989,
3281.207100405, 1.007575671,
3281.227535954, 1.007416862,
3281.247971702, 1.007230275,
3281.268407351, 1.007427300,
3281.309278649, 1.007348143,
3281.329714298, 1.007670451,
3281.350150047, 1.007682434,
3281.370585596, 1.007322950,
3281.391021245, 1.007764100,
3281.411456995, 1.008046553,
3281.431892544, 1.007702992,
3281.452328194, 1.007658786,
3281.472763943, 1.007770852,
3281.493199493, 1.007445569,
3281.513635243, 1.007556953,
3281.554506443, 1.007606419,
3281.574942193, 1.007384934,
3281.595377843, 1.007835091,
3281.615813493, 1.007630929,
3281.636249144, 1.007580549,
3281.656684794, 1.007583712,
3281.677120445, 1.007268791,
3281.820170001, 1.007634799,
3281.840605652, 1.007511264,
3281.861041404, 1.007688961,
3281.881476955, 1.007533010,
3281.901912607, 1.007590484,
3281.922348359, 1.008318779,
3281.963219562, 1.007836820,
3281.983655314, 1.007640756,
3282.004090866, 1.007669387,
3282.044962270, 1.007527910,
3282.065397822, 1.007499842,
3282.085833575, 1.010063802,
3282.106269227, 1.007576768,
3282.126704880, 1.007551444,
3282.147140532, 1.007613874,
3282.167576185, 1.007403826,
3282.188011838, 1.007582067,
3282.208447491, 1.007316590,
3282.228883143, 1.007398112,
3282.249318896, 1.007002334,
3282.290190103, 1.007165575,
3282.310625756, 1.007623682,
3282.331061509, 1.006785563,
3282.351497063, 1.006983162,
3282.371932816, 1.007095445,
3282.392368370, 1.006955827,
3282.412804023, 1.007134862,
3282.433239777, 1.007056343,
3282.453675331, 1.006840450,
3282.474110985, 1.006922294,
3282.494546739, 1.007025404,
3282.535418047, 1.007129579,
3282.555853701, 1.007002115,
3282.576289256, 1.006985256,
3282.596725010, 1.006810783,
3282.617160665, 1.006958889,
3282.637596219, 1.007655928,
3282.658031974, 1.007352761,
3282.678467629, 1.006994076,
3282.698903283, 1.006704286,
3282.719338938, 1.006648930,
3282.739774593, 1.006369310,
3282.780645903, 1.006652354,
3282.801081558, 1.006657484,
3282.821517314, 1.006570169,
3282.841952969, 1.006419709,
3282.862388524, 1.006210167,
3282.882824280, 1.006230282,
3282.903259936, 1.006396960,
3282.923695491, 1.006420920,
3282.944131247, 1.006181408,
3282.964566903, 1.006485187,
3282.985002458, 1.006363444,
3283.025873770, 1.006434131,
3283.046309527, 1.006132058,
3283.066745183, 1.006096755,
3283.087180839, 1.006203234,
3283.107616495, 1.006087347,
3283.128052152, 1.005829209,
3283.148487708, 1.005826863,
3283.168923465, 1.005662174,
3283.189359121, 1.005556433,
3283.230230435, 1.005819876,
3283.250666091, 1.005680868,
3283.271101848, 1.005711186,
3283.291537405, 1.005397789,
3283.311973062, 1.005384216,
3283.332408819, 1.005452880,
3283.352844476, 1.005560363,
3283.373280034, 1.005679841,
3283.393715791, 1.005782432,
3283.536765394, 1.005437838,
3283.557201152, 1.005135467,
3283.577636710, 1.005037894,
3283.598072368, 1.005066756,
3283.618508126, 1.005047080,
3283.638943684, 1.004993247,
3283.659379342, 1.005028861,
3283.679815100, 1.004766055,
3283.700250659, 1.004853883,
3283.761557634, 1.004500737,
3283.781993392, 1.004475362,
3283.802428951, 1.004661881,
3283.822864610, 1.004937729,
3283.843300369, 1.004578417,
3283.863736027, 1.004795392,
3283.884171586, 1.004701249,
3283.904607345, 1.004430051,
3283.925043004, 1.004299275,
3283.945478563, 1.003889281,
3283.965914322, 1.003955303,
3284.006785541, 1.003720607,
3284.027221300, 1.004060235,
3284.047656960, 1.004256989,
3284.068092719, 1.004203144,
3284.088528279, 1.003849302,
3284.108963938, 1.003788208,
3284.129399698, 1.003668197,
3284.149835257, 1.003985326,
3284.170270917, 1.006314342,
3284.190706677, 1.004777990,
3284.211142237, 1.004477797,
3284.252013657, 1.003983275,
3284.272449217, 1.003547269,
3284.292884977, 1.003465115,
3284.313320637, 1.003458470,
3284.333756297, 1.003330209,
3284.354191958, 1.003181991,
3284.374627618, 1.003220699,
3284.395063278, 1.003325092,
3284.415498939, 1.003044956,
3284.435934599, 1.003082840,
3284.456370260, 1.003340307,
3284.497241581, 1.002759149,
3284.517677142, 1.003175577,
3284.538112903, 1.003094581,
3284.558548563, 1.002785244,
3284.578984324, 1.002723961,
3284.599419885, 1.002708448,
3284.619855546, 1.002577417,
3284.640291307, 1.002376904,
3284.660726868, 1.002398096,
3284.681162530, 1.002280740,
3284.701598291, 1.002128682,
3284.742469513, 1.002729754,
3284.762905275, 1.002446130,
3284.783340836, 1.002390594,
3284.803776598, 1.002402344,
3284.824212259, 1.002634267,
3284.844647921, 1.002468027,
3284.865083582, 1.002245933,
3284.905954906, 1.001862532,
3284.926390567, 1.002122423,
3284.946826229, 1.001779121,
3284.987697653, 1.002120791,
3285.008133215, 1.002074907,
3285.028568877, 1.001671956,
3285.049004639, 1.001787616,
3285.069440201, 1.001724349,
3285.089875963, 1.002021704,
3285.110311626, 1.002366092,
3285.130747188, 1.002648026,
3285.151182950, 1.002588729,
3285.171618513, 1.001761503,
3285.192054175, 1.001544448,
3285.232925500, 1.001461202,
3285.253361162, 1.001284294,
3285.273796925, 1.001151128,
3285.294232488, 1.000854088,
3285.314668150, 1.001352870,
3285.335103913, 1.001053694,
3285.355539576, 1.001167411,
3285.375975239, 1.001076705,
3285.396410901, 1.000772928,
3285.416846564, 1.000538891,
3285.437282227, 1.000370565,
3285.478153553, 1.000675629,
3285.498589216, 1.000849443,
3285.519024879, 1.001108916,
3285.539460543, 1.000774398,
3285.580331869, 1.000491246,
3285.600767632, 1.000433636,
3285.621203296, 1.000700481,
3285.641638859, 1.000683516,
3285.662074622, 1.000520204,
3285.682510286, 1.000554114,
3285.723381613, 1.000082769,
3285.743817276, 0.999909899,
3285.764252840, 0.999962977,
3285.784688604, 1.000115643,
3285.805124267, 1.000908688,
3285.825559931, 1.000743442,
3285.968609578, 1.000142364,
3285.989045242, 1.000111225,
3286.009481006, 1.000126011,
3286.029916570, 1.000531588,
3286.050352234, 0.999978269,
3286.070787999, 0.999655291,
3286.091223563, 0.999670640,
3286.111659327, 0.999916479,
3286.132094991, 1.000710275,
3286.152530555, 1.000254194,
3286.172966320, 1.000397565,
3286.193401984, 1.000589288,
3286.213837549, 1.000422377,
3286.234273313, 1.000705422,
3286.254708977, 1.000164339,
3286.275144542, 1.000025765,
3286.295580307, 0.999427581,
3286.316015971, 0.999467046,
3286.336451536, 0.999477100,
3286.356887300, 0.999265315,
3286.377322965, 0.999326370,
3286.397758730, 0.999419012,
3286.418194294, 0.999538950,
3286.459065724, 0.998969104,
3286.479501389, 0.999467119,
3286.499936954, 0.999441617,
3286.520372718, 0.999296640,
3286.540808283, 0.999279222,
3286.561243948, 0.999358327,
3286.581679713, 0.999452135,
3286.602115278, 0.999798683,
3286.622550943, 0.999425435,
3286.642986708, 0.999197982,
3286.663422273, 0.999113227,
3286.704293704, 0.999078578,
3286.724729269, 0.998942853,
3286.745165034, 0.999252127,
3286.765600699, 0.999305048,
3286.786036264, 1.000132426,
3286.806472030, 0.999656070,
3286.826907695, 0.999388308,
3286.847343360, 0.999340802,
3286.867779026, 0.999703665,
3286.888214691, 0.999384142,
3286.908650456, 0.999208270,
3286.949521687, 0.999084699,
3286.969957453, 0.998749156,
3286.990393118, 0.998502666,
3287.010828684, 0.998556843,
3287.031264449, 0.998473135,
3287.051700115, 0.998556572,
3287.072135680, 0.998690211,
3287.092571446, 0.998459730,
3287.113007111, 0.998418383,
3287.133442677, 0.998474677,
3287.153878443, 0.998560783,
3287.194749874, 0.998586996,
3287.215185440, 0.998480925,
3287.235621106, 0.998717407,
3287.256056771, 0.998503770,
3287.276492437, 0.998645311,
3287.296928003, 0.998314628,
3287.317363769, 0.998302466,
3287.337799435, 0.998042257,
3287.358235000, 0.997783613,
3287.378670766, 0.998026500,
3287.399106432, 0.998028444,
3287.439977764, 0.998039875,
3287.460413430, 0.997728676,
3287.480849196, 0.998153052,
3287.501284762, 0.997669095,
3287.521720428, 0.997721987,
3287.542156194, 0.997692596,
3287.562591860, 0.997693183,
3287.583027426, 0.997598647,
3287.603463192, 0.997751190,
3287.623898858, 0.997845878,
3287.644334424, 0.997815028,
3287.685205857, 0.997850502,
3287.705641623, 0.997699696,
3287.726077189, 0.997489839,
3287.766948621, 0.997609483,
3287.787384187, 0.997248449,
3287.807819854, 0.997210400,
3287.828255620, 0.997029584,
3287.848691186, 0.997276410,
3287.869126852, 0.996983780,
3287.889562619, 0.997113120,
3287.930433851, 0.997228814,
3287.950869517, 0.997301181,
3287.971305184, 0.996800300,
3287.991740950, 0.996679593,
3288.012176516, 0.996242456,
3288.032612183, 0.996308658,
3288.053047949, 0.996364263,
3288.073483615, 0.996197863,
3288.093919182, 0.996191520,
3288.114354948, 0.996383709,
3288.134790615, 0.996416423,
3288.155226181, 0.996421235,
3288.175661947, 0.996415480,
3288.196097614, 0.996149314,
3288.216533180, 0.996340347,
3288.236968947, 0.996248554,
3288.257404613, 0.995896510,
3288.277840379, 0.995961737,
3288.298275946, 0.996799258,
3288.318711612, 0.996045353,
3288.339147379, 0.995645663,
3288.380018612, 0.996482665,
3288.420889945, 0.995781130,
3288.441325611, 0.995537886,
3288.461761378, 0.995455102,
3288.482196944, 0.995541976,
3288.502632711, 0.995852278,
3288.523068377, 0.995204967,
3288.543504044, 0.994987265,
3288.563939710, 0.994786409,
3288.584375377, 0.994725459,
3288.604811043, 0.994913922,
3288.625246710, 0.996815300,
3288.666117943, 0.994928660,
3288.686553709, 0.994225534,
3288.706989376, 0.994610111,
3288.727425042, 0.994400675,
3288.747860709, 0.994063032,
3288.768296375, 0.994169023,
3288.788732142, 0.994019651,
3288.809167708, 0.993849585,
3288.829603375, 0.993588511,
3288.850039142, 0.993599536,
3288.870474708, 0.993504064,
3288.911346141, 0.993614329,
3288.931781708, 0.993525718,
3288.952217374, 0.993149185,
3288.972653141, 0.993242389,
3288.993088707, 0.993038755,
3289.013524374, 0.993360807,
3289.033960140, 0.993463919,
3289.054395807, 0.993041067,
3289.074831473, 0.992800405,
3289.095267140, 0.992382314,
3289.115702806, 0.992271286,
3289.156574139, 0.992306350,
3289.177009806, 0.992628487,
3289.197445572, 0.992032440,
3289.217881139, 0.991791311,
3289.238316805, 0.991690189,
3289.258752572, 0.991317748,
3289.279188138, 0.991371227,
3289.299623905, 0.991196488,
3289.320059571, 0.991194111,
3289.340495137, 0.991310182,
3289.360930904, 0.990863618,
3289.401802137, 0.991101385,
3289.422237903, 0.990547608,
3289.442673470, 0.990972441,
3289.463109136, 0.991059466,
3289.483544902, 0.990829162,
3289.503980469, 0.990363179,
3289.524416135, 0.990305094,
3289.544851901, 0.990182065,
3289.565287568, 0.990258282,
3289.585723234, 0.990116406,
3289.606158900, 0.990306773,
3289.647030233, 0.989845896,
3289.667465899, 0.989623230,
3289.687901566, 0.989716418,
3289.708337332, 0.989551466,
3289.728772898, 0.989757138,
3289.749208565, 0.989182262,
3289.769644331, 0.989138740,
3289.790079897, 0.989501236,
3289.810515563, 0.989309437,
3289.830951329, 0.989446259,
3289.912693894, 0.989664266,
3289.933129660, 0.989182553,
3289.953565326, 0.989005380,
3289.974000892, 0.988825720,
3289.994436659, 0.989517031,
3290.014872325, 0.989283256,
3290.035307991, 0.989115415,
3290.055743657, 0.989362821,
3290.076179323, 0.989077096,
3290.096614989, 0.988805194,
3290.137486321, 0.988606458,
3290.157921987, 0.988325777,
3290.178357653, 0.988669928,
3290.198793319, 0.988589396,
3290.219228984, 0.988299732,
3290.239664650, 0.987931012,
3290.260100316, 0.988162932,
3290.280536082, 0.987854862,
3290.300971648, 0.987540563,
3290.321407314, 0.987909414,
3290.341843079, 0.987855207,
3290.382714411, 0.987322529,
3290.403150077, 0.987844090,
3290.423585642, 0.987522943,
3290.444021408, 0.987612421,
3290.464457074, 0.987624759,
3290.484892639, 0.987679250,
3290.505328405, 0.987333622,
3290.525764071, 0.987450348,
3290.546199736, 0.987331401,
3290.566635402, 0.986975680,
3290.587071067, 0.987171017,
3290.627942398, 0.986858353,
3290.648378064, 0.986806321,
3290.668813829, 0.986388581,
3290.689249495, 0.986698748,
3290.709685060, 0.986868531,
3290.730120825, 0.987004228,
3290.750556491, 0.987311621,
3290.770992056, 0.987021022,
3290.791427821, 0.986802233,
3290.811863387, 0.986832125,
3290.832299052, 0.986598917,
3290.873170382, 0.986572399,
3290.893606047, 0.986634007,
3290.914041813, 0.987193112,
3290.934477378, 0.986439198,
3290.954913143, 0.986271946,
3290.975348808, 0.986431119,
3290.995784373, 0.986503980,
3291.016220138, 0.985854213,
3291.036655803, 0.985848800,
3291.057091368, 0.986152819,
3291.077527133, 0.986231495,
3291.118398462, 0.986207871,
3291.138834127, 0.986302145,
3291.159269792, 0.986274363,
3291.179705557, 1.014532237,
3291.200141121, 0.991122208,
3291.220576786, 0.988358521,
3291.241012551, 0.987123738,
3291.261448216, 0.986525467,
3291.281883780, 0.987477071,
3291.302319545, 0.986610475,
3291.322755209, 0.986513290,
3291.363626538, 0.986793868,
3291.384062203, 0.986854058,
3291.404497767, 0.986948115,
3291.424933531, 0.987078621,
3291.445369196, 0.986816230,
3291.465804860, 0.986688646,
3291.486240524, 0.986547352,
3291.506676188, 0.986791205,
3291.527111853, 0.986450437,
3291.547547517, 0.986585926,
3291.567983081, 0.986691504,
3291.608854509, 0.986489853,
3291.629290173, 0.986738176,
3291.649725837, 0.986868508,
3291.670161501, 0.986838670,
3291.690597165, 0.986993802,
3291.711032829, 0.987253185,
3291.731468493, 0.987027930,
3291.751904257, 0.986960940,
3291.792775484, 0.986761572,
3291.813211248, 0.986840758,
3291.854082475, 0.987006856,
3291.874518238, 0.987313426,
3291.894953902, 0.987250909,
3291.915389465, 0.987497775,
3291.935825229, 0.987359435,
3291.956260892, 0.987726845,
3291.976696456, 0.987617409,
3291.997132219, 0.987316957,
3292.017567882, 0.987515021,
3292.038003645, 0.987596387,
3292.058439209, 0.987767841,
3292.078874872, 0.987782749,
3292.099310635, 0.987806834,
3292.119746198, 0.987834494,
3292.140181861, 0.987952249,
3292.160617624, 0.987945253,
3292.181053187, 0.988007819,
3292.201488850, 0.988556570,
3292.221924513, 0.988773723,
3292.242360176, 0.988568987,
3292.262795838, 0.989217557,
3292.283231601, 0.989301639,
3292.303667164, 0.990356079,
3292.344538589, 0.991663982,
3292.364974151, 0.990861677,
3292.385409914, 0.990325365,
3292.405845576, 0.990329677,
3292.426281139, 0.990546277,
3292.446716901, 0.990600950,
3292.467152563, 0.991204469,
3292.487588126, 0.990194415,
3292.508023888, 0.990092704,
3292.528459550, 0.990023630,
3292.548895112, 0.990037781,
3292.589766536, 0.990334423,
3292.610202298, 0.990708031,
3292.630637860, 0.990333101,
3292.651073522, 0.990805175,
3292.671509284, 0.993531023,
3292.691944845, 0.991073430,
3292.712380507, 0.990866341,
3292.732816269, 0.991193583,
3292.753251930, 0.990885531,
3292.773687492, 0.991265521,
3292.794123253, 0.991227538,
3292.834994476, 0.991865149,
3292.855430238, 0.992071412,
3292.875865899, 0.991833569,
3292.896301560, 0.992088392,
3292.916737221, 0.992033146,
3292.937172783, 0.992099192,
3292.957608544, 0.992419472,
3292.978044205, 0.992347988,
3292.998479766, 0.992650846,
3293.018915527, 0.992254961,
3293.039351187, 0.992582319,
3293.080222509, 0.992650078,
3293.100658170, 0.993098703,
3293.121093830, 0.993064541,
3293.141529491, 0.993206713,
3293.161965152, 0.993466091,
3293.182400912, 0.994175978,
3293.202836472, 0.993304027,
3293.223272133, 0.993728129,
3293.243707893, 0.994037551,
3293.264143553, 0.993610056,
3293.284579113, 0.994116197,
3293.325450534, 0.994619104,
3293.345886094, 0.994633573,
3293.366321854, 0.994820287,
3293.386757514, 0.994630321,
3293.407193073, 0.995064914,
3293.427628833, 0.995038936,
3293.448064493, 0.995008058,
3293.468500253, 0.995282721,
3293.488935812, 0.995376999,
3293.509371472, 0.995403248,
3293.529807231, 0.995600738,
3293.570678450, 0.996361196,
3293.591114109, 0.996590021,
3293.611549768, 0.996477665,
3293.631985428, 0.996375966,
3293.652421087, 0.996551974,
3293.672856746, 0.996630347,
3293.693292405, 0.996925672,
3293.713728064, 0.996899466,
3293.734163722, 0.997027357,
3293.754599381, 1.003447346,
3293.775035140, 1.001362871,
3293.815906457, 0.998273422,
3293.836342116, 0.997846337,
3293.856777674, 0.998134368,
3293.877213433, 0.998243636,
3293.897649091, 0.998364146,
3293.918084649, 0.998280899,
3293.938520407, 0.998486880,
3293.958956065, 0.998396902,
3293.999827382, 0.998807311,
3294.020263039, 0.998901614,
3294.040698597, 0.999004989,
3294.061134355, 0.998827173,
3294.081570013, 0.998970605,
3294.102005770, 0.999067977,
3294.122441328, 0.999200351,
3294.163312743, 0.999263445,
3294.183748300, 0.999551574,
3294.204183958, 1.000288913,
3294.224619715, 1.000177023,
3294.245055372, 1.000332500,
3294.265490929, 1.000060158,
3294.306362243, 1.000293625,
3294.326797900, 1.000521661,
3294.347233657, 1.000555239,
3294.367669214, 1.000686642,
3294.388104870, 1.000883872,
3294.408540627, 1.001102229,
3294.428976183, 1.000867788,
3294.449411940, 1.001350930,
3294.469847596, 1.001469489,
3294.490283152, 1.001509497,
3294.510718909, 1.001536766,
3294.551590121, 1.001900105,
3294.572025877, 1.001916433,
3294.592461533, 1.002292797,
3294.612897189, 1.002135500,
3294.633332844, 1.002039312,
3294.653768500, 1.002354284,
3294.674204156, 1.003263383,
3294.694639811, 1.003216586,
3294.715075467, 1.003084264,
3294.735511222, 1.002732533,
3294.755946777, 1.002675638,
3294.796818188, 1.003371611,
3294.817253843, 1.003415841,
3294.837689398, 1.003774759,
3294.858125153, 1.004065302,
3294.878560808, 1.003833654,
3294.898996363, 1.003950667,
3294.919432117, 1.004416856,
3294.939867772, 1.004485971,
3294.960303326, 1.004424481,
3294.980739081, 1.004984889,
3295.001174735, 1.004752290,
3295.042046044, 1.005239533,
3295.062481698, 1.005158981,
3295.082917352, 1.005307558,
3295.103353006, 1.005687537,
3295.123788560, 1.006329707,
3295.144224313, 1.005897624,
3295.164659967, 1.006076113,
3295.185095621, 1.006165750,
3295.205531274, 1.006152889,
3295.225966928, 1.006391911,
3295.246402581, 1.005936079,
3295.287273888, 1.006858328,
3295.307709541, 1.007124453,
3295.328145294, 1.006740417,
3295.348580847, 1.007004434,
3295.369016500, 1.006821298,
3295.389452253, 1.006982485,
3295.409887805, 1.007249264,
3295.430323558, 1.006925630,
3295.450759210, 1.006957869,
3295.471194763, 1.007207987,
3295.491630515, 1.007194526,
3295.532501720, 1.007773553,
3295.552937472, 1.008369730,
3295.573373124, 1.007751647,
3295.593808676, 1.007434791,
3295.614244427, 1.007775298,
3295.634680079, 1.008397000,
3295.655115731, 1.008807490,
3295.675551382, 1.008440515,
3295.695987034, 1.008422995,
3295.716422685, 1.008390016,
3295.736858437, 1.008907514,
3295.777729739, 1.012771086,
3295.798165290, 1.010571793,
3295.818600941, 1.010134400,
3295.839036692, 1.009576934,
3295.859472243, 1.009392189,
3295.879907893, 1.009312436,
3295.900343644, 1.009473490,
3295.920779194, 1.009614597,
3295.941214845, 1.009630617,
3295.961650595, 1.009758565,
3295.982086145, 1.009746991,
3296.022957545, 1.009761485,
3296.043393095, 1.009913711,
3296.063828745, 1.009955993,
3296.084264495, 1.010018339,
3296.104700144, 1.009954045,
3296.125135794, 1.010008373,
3296.145571443, 1.010474067,
3296.166007093, 1.010187962,
3296.186442742, 1.010485666,
3296.206878391, 1.010973179,
3296.227314040, 1.010499780,
3296.247749789, 1.010470998,
3296.268185338, 1.010304619,
3296.288620987, 1.010514919,
3296.309056735, 1.010424391,
3296.329492284, 1.010790333,
3296.349927932, 1.010470920,
3296.370363681, 1.010814883,
3296.390799229, 1.010589945,
3296.411234877, 1.010749388,
3296.431670625, 1.011088277,
3296.452106173, 1.010829115,
3296.472541921, 1.010711263,
3296.513413117, 1.010839300,
3296.533848864, 1.010933897,
3296.554284412, 1.010639900,
3296.574720059, 1.010749750,
3296.595155806, 1.011125736,
3296.615591354, 1.011024074,
3296.636027001, 1.011006075,
3296.656462748, 1.010985312,
3296.676898395, 1.010984251,
3296.697333941, 1.011300856,
3296.717769688, 1.011717555,
3296.738205334, 1.011332267,
3296.758640881, 1.011158850,
3296.779076627, 1.011005857,
3296.799512274, 1.011002931,
3296.819948020, 1.010859009,
3296.840383566, 1.011059240,
3296.860819212, 1.011326317,
3296.881254958, 1.011277939,
3296.901690503, 1.011676738,
3296.922126149, 1.011864872,
3296.942561894, 1.011627031,
3296.962997440, 1.011488917,
3296.983433085, 1.011220379,
3297.003868830, 1.011335249,
3297.024304375, 1.011269216,
3297.044740020, 1.011410619,
3297.065175765, 1.011145967,
3297.085611410, 1.011422251,
3297.106046955, 1.011381001,
3297.126482699, 1.011312622,
3297.146918344, 1.011069520,
3297.167353888, 1.011564685,
3297.187789632, 1.011259457,
3297.228660920, 1.011238105,
3297.249096564, 1.011095787,
3297.269532208, 1.011020022,
3297.289967852, 1.011018025,
3297.310403495, 1.011043173,
3297.330839039, 1.011003012,
3297.351274782, 1.011300269,
3297.371710425, 1.011318767,
3297.392145969, 1.011426181,
3297.412581712, 1.011414772,
3297.433017354, 1.011302263,
3297.453452897, 1.011290393,
3297.473888640, 1.011166424,
3297.494324283, 1.011305249,
3297.514759925, 1.011197953,
3297.535195567, 1.011044543,
3297.555631209, 1.011074736,
3297.576066952, 1.011005502,
3297.596502494, 1.011240781,
3297.616938136, 1.011006354,
3297.637373877, 1.010965442,
3297.657809519, 1.010871231,
3297.678245060, 1.010719342,
3297.698680802, 1.010575759,
3297.739551984, 1.010827440,
3297.759987725, 1.011329170,
3297.780423366, 1.010975747,
3297.800858907, 1.010920645,
3297.821294648, 1.012789591,
3297.841730289, 1.011985712,
3297.862165829, 1.011369828,
3297.882601569, 1.010752172,
3297.903037210, 1.010732945,
3297.923472850, 1.010660383,
3297.943908490, 1.010610759,
3297.964344030, 1.010596099,
3297.984779770, 1.010300764,
3298.005215409, 1.010513749,
3298.025651049, 1.010386715,
3298.046086688, 1.010436677,
3298.066522327, 1.010274546,
3298.086957967, 1.010073680,
3298.107393606, 1.010121942,
3298.127829245, 1.010045406,
3298.148264883, 1.010113291,
3298.168700622, 1.009817315,
3298.189136161, 1.009948554,
3298.209571799, 1.009705070,
3298.230007537, 1.009680055,
3298.250443076, 1.009575643,
3298.270878714, 1.009824688,
3298.291314452, 1.009653171,
3298.311749989, 1.009780860,
3298.332185627, 1.009786314,
3298.352621365, 1.010352769,
3298.373056902, 1.009826940,
3298.393492640, 1.009602677,
3298.413928277, 1.009618970,
3298.434363814, 1.009659355,
3298.454799551, 1.009562426,
3298.475235188, 1.009454711,
3298.495670824, 1.009290878,
3298.516106461, 1.009223648,
3298.536542097, 1.009083765,
3298.556977734, 1.009401037,
3298.577413370, 1.008820800,
3298.597849006, 1.008920570,
3298.618284642, 1.009103816,
3298.638720378, 1.008963352,
3298.659155913, 1.008907086,
3298.679591549, 1.008748923,
3298.700027184, 1.008610044,
3298.720462820, 1.008634499,
3298.740898455, 1.008312842,
3298.761334090, 1.008309020,
3298.781769725, 1.008412598,
3298.802205460, 1.008394276,
3298.822640994, 1.008369591,
3298.843076629, 1.008384466,
3298.863512363, 1.008014966,
3298.883947897, 1.007791619,
3298.904383532, 1.008361303,
3298.924819266, 1.008369371,
3298.945254799, 1.007995302,
3298.965690433, 1.007908528,
3298.986126167, 1.007724568,
3299.006561800, 1.007571487,
3299.026997334, 1.007940412,
3299.047433067, 1.007365670,
3299.067868700, 1.008727859,
3299.088304233, 1.007284139,
3299.108739966, 1.007165830,
3299.129175598, 1.007246940,
3299.149611131, 1.007008250,
3299.170046863, 1.007085331,
3299.190482495, 1.006907683,
3299.210918228, 1.007139116,
3299.231353760, 1.007492370,
3299.251789391, 1.007585804,
3299.272225123, 1.007376327,
3299.292660655, 1.007136531,
3299.313096286, 1.006935740,
3299.333532018, 1.006602800,
3299.353967549, 1.006861678,
3299.374403180, 1.007001615,
3299.394838911, 1.007269484,
3299.415274441, 1.007069032,
3299.435710072, 1.006889581,
3299.456145703, 1.006596927,
3299.476581333, 1.006999310,
3299.497016963, 1.006728135,
3299.517452593, 1.006512731,
3299.537888223, 1.006812060,
3299.558323853, 1.006693742,
3299.578759583, 1.006361867,
3299.599195112, 1.006617478,
3299.619630741, 1.006306088,
3299.640066471, 1.006160231,
3299.660502000, 1.006307146,
3299.701373357, 1.005743456,
3299.721808886, 1.005789619,
3299.742244615, 1.005818884,
3299.762680243, 1.009111324,
3299.783115771, 1.005670466,
3299.803551499, 1.005271263,
3299.823987127, 1.005354753,
3299.844422755, 1.005119010,
3299.864858383, 1.005175373,
3299.885294010, 1.004955283,
3299.905729638, 1.005403682,
3299.926165265, 1.005659187,
3299.946600892, 1.005511988,
3299.967036519, 1.005183847,
3299.987472246, 1.004970572,
3300.007907772, 1.006346403,
3300.028343399, 1.005719047,
3300.048779125, 1.005070096,
3300.069214651, 1.005724545,
3300.089650277, 1.004805796,
3300.110086003, 1.004768283,
3300.130521529, 1.004821087,
3300.150957255, 1.004871439,
3300.171392780, 1.004461439,
3300.191828405, 1.004642735,
3300.212264131, 1.004706843,
3300.232699656, 1.003941739,
3300.253135281, 1.004707936,
3300.273571005, 1.004161185,
3300.294006530, 1.004112441,
3300.314442154, 1.003905895,
3300.334877879, 1.003870667,
3300.355313403, 1.003564293,
3300.375749027, 1.003737079,
3300.396184751, 1.003756645,
3300.416620374, 1.003829037,
3300.437055898, 1.003798001,
3300.457491621, 1.003568498,
3300.477927244, 1.003592222,
3300.498362767, 1.003502674,
3300.539234113, 1.003358617,
3300.559669836, 1.003557816,
3300.580105358, 1.003103097,
3300.600540980, 1.003373950,
3300.620976703, 1.003266975,
3300.641412225, 1.002832814,
3300.682283568, 1.002965286,
3300.702719090, 1.003243378,
3300.723154711, 1.002958153,
3300.743590432, 1.003362388,
3300.764025953, 1.004079047,
3300.784461574, 1.003629519,
3300.804897295, 1.003197485,
3300.825332916, 1.002956981,
3300.845768436, 1.003157855,
3300.866204156, 1.002782287,
3300.886639776, 1.002813014,
3300.907075296, 1.002772878,
3300.927511016, 1.002498656,
3300.947946536, 1.002770033,
3300.968382155, 1.002696563,
3300.988817875, 1.002683900,
3301.009253394, 1.002581517,
3301.029689113, 1.002747177,
3301.050124732, 1.002374149,
3301.070560250, 1.002584417,
3301.090995969, 1.002309136,
3301.111431588, 1.002686705,
3301.131867106, 1.002364219,
3301.172738442, 1.002854731,
3301.193173959, 1.002828670,
3301.213609677, 1.002439022,
3301.234045294, 1.002414485,
3301.254480911, 1.002374846,
3301.274916529, 1.002564179,
3301.295352146, 1.002195266,
3301.315787762, 1.001999242,
3301.336223479, 1.002325099,
3301.356658995, 1.002141222,
3301.377094612, 1.001977560,
3301.397530328, 1.002173373,
3301.417965844, 1.002043610,
3301.438401459, 1.002518402,
3301.458837175, 1.002352865,
3301.479272691, 1.002291827,
3301.499708306, 1.002133586,
3301.520144021, 1.002315605,
3301.540579536, 1.002163609,
3301.561015251, 1.002120198,
3301.581450866, 1.001944408,
3301.601886380, 1.002002357,
3301.622322094, 1.002112736,
3301.683628936, 1.003191898,
3301.704064550, 1.002499537,
3301.724500063, 1.002341126,
3301.744935776, 1.002003958,
3301.765371390, 1.001996610,
3301.785806903, 1.002105747,
3301.806242615, 1.001637805,
3301.826678228, 1.002409404,
3301.847113740, 1.002119052,
3301.867549453, 1.002437205,
3301.887985065, 1.002263174,
3301.908420577, 1.002349822,
3301.928856288, 1.002549145,
3301.949291900, 1.002421791,
3301.969727411, 1.001891657,
3301.990163123, 1.002288249,
3302.010598734, 1.001684518,
3302.031034445, 1.002240712,
3302.051469956, 1.001945955,
3302.071905566, 1.001610182,
3302.092341276, 1.002070369,
3302.112776787, 1.001722170,
3302.133212397, 1.002006968,
3302.153648107, 1.001936518,
3302.174083716, 1.001961288,
3302.194519226, 1.004294128,
3302.214954935, 1.001900800,
3302.235390544, 1.001848849,
3302.255826053, 1.002049176,
3302.276261762, 1.001960290,
3302.296697371, 1.002232096,
3302.317132879, 1.002559178,
3302.337568587, 1.002637521,
3302.358004196, 1.002176579,
3302.398875411, 1.001914788,
3302.419310919, 1.002344186,
3302.439746526, 1.002173761,
3302.460182233, 1.002000063,
3302.480617741, 1.002136415,
3302.501053347, 1.001991367,
3302.521489054, 1.002109148,
3302.541924661, 1.001718521,
3302.562360267, 1.001963321,
3302.582795873, 1.001947018,
3302.603231479, 1.001962799,
3302.623667085, 1.001824630,
3302.644102691, 1.001686820,
3302.664538296, 1.001883149,
3302.684974001, 1.001958298,
3302.705409507, 1.001816719,
3302.725845111, 1.001678190,
3302.746280816, 1.001492020,
3302.766716321, 1.001791539,
3302.787151925, 1.001620130,
3302.807587629, 1.002031422,
3302.828023133, 1.002027419,
3302.848458737, 1.001734224,
3302.909765547, 1.002267120,
3302.930201250, 1.001957331,
3302.950636753, 1.001751471,
3302.971072356, 1.002197276,
3302.991508058, 1.001145465,
3303.011943661, 1.001402049,
3303.032379263, 1.001509619,
3303.052814865, 1.001547289,
3303.073250467, 1.001541832,
3303.093686068, 1.001830693,
3303.134557271, 1.001220051,
3303.154992872, 1.001290913,
3303.175428473, 1.001203852,
3303.195863973, 1.000999005,
3303.216299674, 1.001031052,
3303.236735274, 1.001080199,
3303.257170774, 1.000863953,
3303.277606474, 1.001200084,
3303.298042074, 1.000974569,
3303.318477574, 1.001226675,
3303.338913273, 1.000954878,
3303.359348872, 1.000904497,
3303.379784471, 1.000837414,
3303.400220070, 1.000690822,
3303.420655668, 1.000507998,
3303.441091267, 1.000611532,
3303.461526865, 1.000419928,
3303.481962463, 1.000642462,
3303.502398061, 1.000353089,
3303.522833759, 1.000334690,
3303.543269256, 1.000433089,
3303.563704953, 1.000794623,
3303.584140550, 1.000261427,
3303.645447340, 0.999776005,
3303.665882837, 1.000141134,
3303.686318533, 0.999892388,
3303.706754128, 1.002587508,
3303.727189624, 1.001701070,
3303.747625320, 1.000866024,
3303.768060915, 1.000448931,
3303.788496410, 1.000303137,
3303.808932105, 1.000266453,
3303.829367700, 0.999924636,
3303.849803294, 1.000133066,
3303.870238889, 0.999757945,
3303.890674483, 0.999837092,
3303.911109977, 0.999447457,
3303.931545671, 0.999744336,
3303.951981264, 0.999071743,
3303.972416757, 0.999246336,
3303.992852451, 0.998930744,
3304.013288044, 0.999308633,
3304.033723536, 0.999819827,
3304.054159229, 0.999385165,
3304.074594821, 0.999088367,
3304.115466005, 0.998515959,
3304.135901597, 0.998624301,
3304.156337289, 0.998294566,
3304.176772780, 0.998236979,
3304.197208371, 0.998323248,
3304.217644062, 0.998023152,
3304.238079553, 0.997901441,
3304.258515144, 0.998799685,
3304.278950834, 0.998079497,
3304.299386324, 0.997935798,
3304.319821914, 0.998399224,
3304.340257604, 0.998612358,
3304.360693194, 0.997819863,
3304.381128683, 0.997900040,
3304.401564372, 0.997666019,
3304.421999961, 0.997665501,
3304.442435450, 0.997306173,
3304.462871138, 0.997166460,
3304.483306727, 0.997123212,
3304.503742215, 0.997518237,
3304.524177903, 0.998054335,
3304.544613490, 0.997246173,
3304.565048978, 0.997354929,
3304.605920252, 0.997110855,
3304.626355739, 0.996646622,
3304.646791426, 0.996373820,
3304.667226912, 0.996543238,
3304.687662599, 0.996726625,
3304.708098185, 0.996100735,
3304.728533671, 0.996039625,
3304.748969356, 0.996913188,
3304.769404942, 0.995858632,
3304.789840527, 0.996009982,
3304.810276112, 0.995787388,
3304.830711697, 0.995435985,
3304.851147282, 0.995338488,
3304.871582866, 0.995535309,
3304.892018450, 0.995350955,
3304.912454034, 0.994896721,
3304.932889718, 0.995729539,
3304.953325202, 0.996145846,
3304.973760785, 0.995790384,
3304.994196468, 0.995552992,
3305.014631951, 0.994907240,
3305.035067534, 0.994539669,
3305.055503216, 0.994641809,
3305.075938699, 0.994517445,
3305.096374281, 0.994763067,
3305.116809963, 0.994617283,
3305.137245444, 0.994605615,
3305.157681026, 0.994343689,
3305.178116707, 0.994099073,
3305.198552288, 0.993716301,
3305.218987769, 0.993858014,
3305.239423450, 0.993949861,
3305.259859030, 0.994031742,
3305.280294610, 0.993408235,
3305.300730190, 0.993159053,
3305.321165770, 0.992795639,
3305.341601349, 0.992712933,
3305.362036929, 0.992502155,
3305.382472508, 0.992950080,
3305.402908087, 0.992647907,
3305.423343665, 0.992672080,
3305.443779144, 0.992808732,
3305.464214822, 0.992777730,
3305.484650400, 0.992675784,
3305.505085878, 0.992614848,
3305.525521556, 0.992655132,
3305.545957133, 0.992364693,
3305.586828287, 0.992199116,
3305.607263864, 0.992464622,
3305.627699440, 0.992511507,
3305.648135017, 0.992584272,
3305.668570593, 0.992132455,
3305.689006169, 0.991728274,
3305.709441744, 0.992007073,
3305.729877320, 0.991583185,
3305.750312895, 0.991484813,
3305.770748570, 0.991479449,
3305.791184045, 0.991228548,
3305.811619719, 0.991536262,
3305.832055294, 0.991122982,
3305.852490768, 0.991098990,
3305.872926441, 0.991086466,
3305.893362015, 0.991587114,
3305.913797489, 0.991218865,
3305.934233162, 0.991041822,
3305.954668735, 0.990733736,
3305.975104208, 0.990887714,
3305.995539880, 0.990911406,
3306.015975453, 0.990826105,
3306.036411025, 0.990397575,
3306.056846596, 0.990467405,
3306.077282168, 0.990466954,
3306.097717739, 0.990414098,
3306.118153311, 0.989982839,
3306.159024352, 0.990502459,
3306.179460023, 0.990327121,
3306.199895593, 0.990178184,
3306.220331063, 0.990116212,
3306.240766733, 0.990145631,
3306.261202303, 0.990067365,
3306.281637772, 0.989907481,
3306.302073441, 0.990853761,
3306.322509010, 0.990563572,
3306.342944479, 0.989777251,
3306.363380147, 0.989600645,
3306.383815716, 0.989778759,
3306.404251184, 0.989316910,
3306.424686851, 0.989734225,
3306.445122419, 0.989560096,
3306.465558086, 0.989834964,
3306.485993553, 0.989300541,
3306.506429120, 0.989415608,
3306.526864787, 0.989318921,
3306.588171485, 0.989080736,
3306.608607051, 0.989356304,
3306.629042517, 0.989115682,
3306.649478182, 0.988840494,
3306.669913747, 0.988828413,
3306.690349212, 0.988715093,
3306.710784876, 0.988934749,
3306.731220441, 0.988823196,
3306.751655905, 0.989322593,
3306.772091569, 0.989373646,
3306.792527132, 0.990047906,
3306.812962596, 0.989759469,
3306.833398259, 0.989204374,
3306.853833822, 0.988960656,
3306.874269284, 0.989032222,
3306.894704947, 0.988884693,
3306.915140409, 0.989203836,
3306.935575971, 0.988665159,
3306.956011633, 0.988900268,
3306.976447194, 0.988747863,
3306.996882656, 0.988636831,
3307.017318317, 0.989145146,
3307.058189438, 0.988614950,
3307.078624998, 0.988424711,
3307.119496218, 0.988731232,
3307.139931678, 0.988819657,
3307.160367237, 0.988529880,
3307.180802897, 0.988588634,
3307.201238355, 0.988563576,
3307.221673914, 0.988438089,
3307.242109573, 0.988639149,
3307.262545031, 0.988960549,
3307.282980589, 0.989100773,
3307.303416246, 0.988747378,
3307.323851704, 0.988575086,
3307.344287261, 0.988977116,
3307.364722918, 0.988832965,
3307.385158375, 0.988827468,
3307.405593931, 0.988806694,
3307.426029588, 0.988819955,
3307.446465144, 0.988960432,
3307.466900599, 0.988986991,
3307.487336255, 0.988959740,
3307.507771810, 0.988632597,
3307.569078475, 0.989027295,
3307.589513929, 0.988796525,
3307.609949583, 0.989647392,
3307.630385137, 0.989482546,
3307.650820590, 0.989269358,
3307.671256244, 0.989246767,
3307.691691697, 0.989411597,
3307.712127350, 0.989332781,
3307.732562903, 0.989223034,
3307.752998355, 0.989085473,
3307.773434007, 0.989374208,
3307.793869559, 0.989194740,
3307.814305111, 0.989421024,
3307.834740662, 0.989576785,
3307.855176213, 0.989543218,
3307.875611764, 0.989290386,
3307.896047315, 0.989780460,
3307.916482865, 0.990635268,
3307.936918415, 0.990321964,
3307.957354065, 0.990238613,
3307.977789515, 0.990003197,
3307.998225064, 0.990264005,
3308.018660713, 0.990199807,
3308.039096162, 0.990067620,
3308.059531711, 0.989914589,
3308.079967359, 0.990706347,
3308.100402807, 0.990336032,
3308.120838355, 0.990225000,
3308.141274003, 0.989938684,
3308.161709450, 0.990106740,
3308.182144998, 0.990415154,
3308.202580644, 0.990401013,
3308.223016091, 0.990310558,
3308.243451637, 0.990392352,
3308.284322830, 0.990595249,
3308.304758275, 0.990651183,
3308.325193920, 0.990645310,
3308.345629466, 0.990615819,
3308.366065011, 0.990899481,
3308.386500555, 0.990892352,
3308.406936000, 0.990961818,
3308.427371644, 0.990804620,
3308.447807188, 0.992223284,
3308.468242631, 0.991260336,
3308.488678274, 0.991230166,
3308.509113818, 0.991695710,
3308.529549260, 0.991562718,
3308.549984903, 0.991734140,
3308.570420445, 0.991721683,
3308.590855887, 0.991420585,
3308.611291529, 0.991527819,
3308.631727071, 0.991577077,
3308.652162612, 0.992094956,
3308.672598153, 0.991904537,
3308.693033694, 0.992117950,
3308.713469235, 0.992364753,
3308.733904775, 0.992405496,
3308.774775855, 0.992434331,
3308.795211494, 0.993317691,
3308.815646933, 0.993203623,
3308.836082472, 0.992860094,
3308.856518111, 0.993163925,
3308.897389088, 0.993543802,
3308.917824726, 0.993341638,
3308.938260163, 0.994915931,
3308.958695701, 0.993763950,
3308.979131338, 0.994534346,
3309.020002311, 0.994252222,
3309.040437948, 0.994267545,
3309.060873384, 0.994229686,
3309.081309020, 0.994271019,
3309.101744555, 0.994306440,
3309.122179991, 0.994408100,
3309.142615626, 0.994094677,
3309.163051161, 0.994577674,
3309.183486595, 0.994573352,
3309.203922229, 0.994831816,
3309.224357763, 0.995082538,
3309.244793197, 0.995140498,
3309.265228831, 0.995039217,
3309.285664364, 0.995326718,
3309.306099797, 0.995792909,
3309.326535430, 0.995639395,
3309.346970962, 0.996158038,
3309.367406394, 0.995934109,
3309.387842026, 0.996493778,
3309.408277557, 0.996088333,
3309.428712989, 0.996397205,
3309.449148620, 0.996889177,
3309.469584151, 0.996665633,
3309.510455212, 0.997351302,
3309.530890742, 0.997509387,
3309.551326271, 0.997352478,
3309.571761801, 0.997691671,
3309.592197330, 0.998249229,
3309.612632859, 0.997902309,
3309.633068488, 0.998190989,
3309.653503916, 0.997954727,
3309.673939444, 0.998289411,
3309.694375072, 0.998520027,
3309.714810500, 0.998385032,
3309.735246027, 0.998995878,
3309.755681654, 0.998826793,
3309.776117081, 0.999007419,
3309.796552607, 0.998908899,
3309.816988234, 0.998860976,
3309.837423659, 0.998877647,
3309.857859285, 0.998979150,
3309.878294810, 0.999693157,
3309.898730236, 1.002216121,
3309.919165861, 1.002730362,
3309.939601285, 1.001680137,
3309.960036810, 1.001232400,
3309.980472434, 1.001502040,
3310.000907957, 1.001240423,
3310.021343381, 1.001055130,
3310.041779004, 1.001654968,
3310.062214527, 1.001298697,
3310.082649950, 1.001012381,
3310.103085572, 1.001121798,
3310.123521094, 1.001377930,
3310.143956516, 1.001258464,
3310.164392138, 1.001466715,
3310.184827659, 1.001353625,
3310.205263080, 1.001382705,
3310.246134221, 1.001747059,
3310.266569641, 1.001862955,
3310.287005261, 1.001587582,
3310.307440781, 1.001556550,
3310.327876300, 1.003668439,
3310.348311819, 1.002354087,
3310.368747338, 1.002576616,
3310.389182857, 1.002457783,
3310.409618375, 1.002590715,
3310.430053893, 1.002946540,
3310.450489410, 1.003749810,
3310.470925028, 1.003256332,
3310.491360445, 1.003274033,
3310.511795962, 1.003123474,
3310.532231578, 1.003356514,
3310.552666995, 1.003623424,
3310.573102511, 1.003485644,
3310.593538126, 1.004009240,
3310.613973542, 1.003431713,
3310.634409157, 1.003630935,
3310.654844572, 1.003585387,
3310.675280086, 1.003814661,
3310.695715701, 1.003992490,
3310.716151115, 1.003666934,
3310.736586629, 1.004041933,
3310.757022242, 1.004204725,
3310.777457655, 1.004437995,
3310.797893168, 1.004093208,
3310.818328781, 1.004494811,
3310.838764293, 1.004647001,
3310.859199705, 1.004712156,
3310.879635317, 1.004775660,
3310.900070828, 1.004881759,
3310.920506239, 1.004904283,
3310.940941850, 1.005365835,
3310.961377361, 1.005474311,
3310.981812771, 1.005206706,
3311.002248381, 1.005203614,
3311.022683891, 1.005630568,
3311.043119300, 1.005805728,
3311.063554910, 1.005885484,
3311.083990418, 1.005897435,
3311.104425827, 1.005773134,
3311.124861435, 1.005766837,
3311.145296944, 1.005894239,
3311.165732451, 1.005892495,
3311.186167959, 1.006089490,
3311.227038973, 1.006116811,
3311.247474479, 1.006409198,
3311.267909986, 1.006280368,
3311.288345491, 1.006311626,
3311.329216503, 1.006416501,
3311.349652008, 1.006568603,
3311.370087513, 1.006184220,
3311.390523017, 1.006636311,
3311.410958621, 1.006756892,
3311.431394125, 1.006702459,
3311.472265132, 1.006801342,
3311.492700535, 1.006793170,
3311.513136038, 1.007048117,
3311.533571641, 1.006957816,
3311.554007043, 1.007224097,
3311.574442545, 1.007484972,
3311.594878147, 1.006902568,
3311.615313548, 1.007319992,
3311.635749049, 1.007219200,
3311.676620150, 1.007273488,
3311.717491150, 1.007512973,
3311.737926650, 1.007454377,
3311.758362049, 1.007544050,
3311.778797648, 1.007737326,
3311.799233146, 1.007709164,
3311.819668545, 1.007494571,
3311.840104143, 1.007594248,
3311.860539641, 1.007764633,
3311.880975038, 1.007722529,
3311.901410635, 1.007597084,
3311.921846132, 1.007577491,
3311.962717125, 1.007492497,
3311.983152621, 1.008700198,
3312.003588117, 1.007747147,
3312.024023612, 1.007622709,
3312.044459107, 1.007569541,
3312.064894602, 1.008073511,
3312.085330096, 1.007678148,
3312.105765591, 1.008003320,
3312.126201085, 1.007955563,
3312.146636678, 1.008292033,
3312.167072071, 1.008565877,
3312.187507564, 1.008104028,
3312.207943057, 1.007818838,
3312.228378549, 1.008328516,
3312.248813941, 1.008433018,
3312.269249533, 1.008271350,
3312.289685025, 1.008136299,
3312.310120616, 1.008050280,
3312.330556007, 1.008269299,
3312.350991497, 1.008409345,
3312.371427088, 1.008499024,
3312.391862477, 1.008366875,
3312.412297967, 1.008249550,
3312.453168946, 1.008274384,
3312.473604434, 1.008234339,
3312.494040023, 1.008240283,
3312.514475511, 1.008345382,
3312.534910899, 1.008236549,
3312.555346486, 1.008161562,
3312.575781973, 1.008119199,
3312.596217360, 1.008237395,
3312.616652947, 1.008513168,
3312.637088433, 1.008442420,
3312.657523819, 1.008150958,
3312.677959405, 1.008087778,
3312.698394890, 1.008259362,
3312.718830275, 1.008183107,
3312.739265860, 1.008391907,
3312.759701344, 1.008516825,
3312.780136729, 1.009782647,
3312.800572312, 1.008414349,
3312.821007796, 1.008418706,
3312.841443279, 1.008317174,
3312.861878762, 1.008157878,
3312.882314244, 1.008364274,
3312.902749727, 1.009678939,
3312.923185209, 1.008434609,
3312.943620690, 1.008133163,
3312.964056172, 1.008060729,
3312.984491653, 1.008235287,
3313.004927133, 1.008254177,
3313.025362514, 1.007852477,
3313.045798094, 1.008224478,
3313.066233574, 1.008117518,
3313.086668953, 1.008200042,
3313.107104532, 1.008134067,
3313.127540011, 1.008140191,
3313.147975590, 1.008211906,
3313.188846446, 1.008412120,
3313.209282023, 1.008236230,
3313.229717401, 1.008207525,
3313.250152878, 1.008082673,
3313.270588454, 1.007752187,
3313.291023831, 1.008323216,
3313.311459307, 1.008132943,
3313.352330358, 1.008183924,
3313.372765733, 1.007796897,
3313.393201308, 1.009290773,
3313.434072156, 1.008446465,
3313.454507730, 1.008221370,
3313.474943203, 1.007725889,
3313.495378577, 1.007783250,
3313.515814150, 1.007846100,
3313.536249622, 1.007986403,
3313.556684994, 1.007973327,
3313.577120566, 1.007895607,
3313.597556038, 1.007731405,
3313.617991409, 1.008065775,
3313.638426980, 1.007584687,
3313.658862450, 1.007454199,
3313.699733391, 1.007358389,
3313.720168860, 1.007404709,
3313.740604230, 1.007450622,
3313.761039799, 1.007199777,
3313.781475268, 1.007199192,
3313.801910736, 1.007057856,
3313.822346204, 1.006897755,
3313.842781672, 1.006551684,
3313.863217039, 1.006812276,
3313.883652606, 1.007076951,
3313.924523439, 1.007057246,
3313.944959005, 1.006763316,
3313.965394471, 1.007235253,
3313.985829837, 1.007501614,
3314.006265402, 1.007347444,
3314.026700867, 1.007348163,
3314.047136431, 1.007511708,
3314.067571795, 1.006969028,
3314.088007259, 1.007676342,
3314.108442823, 1.006989710,
3314.128878186, 1.006649615,
3314.169749211, 1.006472643,
3314.190184674, 1.006663296,
3314.210620035, 1.006647768,
3314.231055597, 1.006754043,
3314.251491058, 1.006499808,
3314.271926419, 1.006627828,
3314.292361980, 1.006563456,
3314.312797440, 1.006365292,
3314.333232800, 1.006557241,
3314.353668360, 1.006621842,
3314.374103819, 1.006542786,
3314.414974737, 1.006064184,
3314.435410195, 1.006401561,
3314.455845553, 1.006114793,
3314.476281110, 1.006065566,
3314.496716468, 1.005828391,
3314.517152025, 1.006114971,
3314.537587481, 1.006285363,
3314.558022838, 1.006141226,
3314.578458294, 1.006456040,
3314.598893849, 1.006674993,
3314.619329305, 1.006231678,
3314.639764660, 1.006458686,
3314.660200214, 1.006025798,
3314.680635669, 1.006042774,
3314.701071023, 1.006535250,
3314.721506576, 1.006324581,
3314.741942030, 1.006083709,
3314.762377383, 1.005967440,
3314.782812935, 1.006000484,
3314.803248388, 1.006411308,
3314.823683739, 1.005824438,
3314.844119291, 1.005655412,
3314.864554743, 1.005737664,
3314.905425644, 1.005520406,
3314.925861094, 1.005391482,
3314.946296545, 1.005770399,
3314.966731994, 1.005280816,
3314.987167444, 1.004763839,
3315.007602992, 1.005818602,
3315.028038441, 1.005167488,
3315.048473790, 1.004809843,
3315.068909338, 1.004651432,
3315.089344785, 1.004479103,
3315.109780132, 1.004911243,
3315.130215679, 1.005027012,
3315.150651126, 1.004900347,
3315.171086472, 1.005017153,
3315.191522018, 1.004631073,
3315.211957464, 1.004343771,
3315.232392809, 1.004678998,
3315.252828354, 1.004748929,
3315.273263699, 1.004513630,
3315.293699143, 1.004438979,
3315.314134687, 1.004202358,
3315.334570030, 1.004712044,
3315.355005474, 1.004446135,
3315.416311801, 1.004398907,
3315.436747343, 1.004393792,
3315.457182785, 1.004983468,
3315.477618126, 1.004668579,
3315.498053667, 1.004320991,
3315.518489107, 1.004605025,
3315.538924447, 1.004995489,
3315.559359987, 1.008456056,
3315.579795427, 1.006114870,
3315.600230766, 1.004798348,
3315.620666305, 1.004189764,
3315.641101743, 1.003993378,
3315.661537081, 1.005065980,
3315.681972619, 1.004245955,
3315.702408056, 1.004138847,
3315.722843493, 1.004148565,
3315.743278930, 1.003321537,
3315.763714366, 1.003775717,
3315.784149803, 1.003092558,
3315.804585238, 1.002759925,
3315.825020674, 1.003125938,
3315.845456109, 1.003066436,
3315.886326977, 1.002742911,
3315.968068711, 1.002566669,
3315.988504144, 1.002358970,
3316.008939576, 1.002717832,
3316.029375008, 1.002190880,
3316.049810540, 1.002275134,
3316.070245871, 1.002428477,
3316.090681401, 1.002398395,
3316.131552162, 1.002258999,
3316.151987692, 1.002186735,
3316.172423021, 1.001995791,
3316.192858450, 1.002635638,
3316.213293979, 1.002986880,
3316.233729307, 1.004721497,
3316.254164735, 1.004639875,
3316.274600263, 1.003396400,
3316.295035691, 1.002634827,
3316.315471017, 1.002409714,
3316.335906544, 1.002173359,
3316.376777296, 1.001874427,
3316.397212822, 1.002131928,
3316.417648247, 1.002045900,
3316.438083572, 1.001990631,
3316.458519096, 1.001867308,
3316.478954520, 1.001886039,
3316.499389844, 1.001593386,
3316.519825368, 1.001573123,
3316.540260791, 1.001198283,
3316.560696213, 1.001562766,
3316.581131636, 1.001457817,
3316.601567058, 1.001529533,
3316.622002480, 1.001682551,
3316.642437901, 1.001655046,
3316.662873322, 1.001668086,
3316.683308742, 1.001186457,
3316.703744263, 1.001194621,
3316.724179583, 1.001342385,
3316.744615002, 1.001207833,
3316.765050521, 1.001312091,
3316.785485840, 1.001066595,
3316.805921259, 1.001240066,
3316.826356677, 1.001945075,
3316.867227412, 1.001584540,
3316.887662929, 1.001259052,
3316.908098345, 1.001121972,
3316.928533762, 1.001304335,
3316.948969178, 1.002304870,
3316.969404593, 1.001983544,
3316.989840009, 1.001406477,
3317.010275423, 1.001534872,
3317.030710838, 1.001409697,
3317.051146252, 1.001210386,
3317.071581666, 1.001291478,
3317.092017079, 1.001130801,
3317.112452492, 1.001133894,
3317.132888005, 1.000763240,
3317.153323317, 1.000888983,
3317.173758729, 1.001022196,
3317.194194241, 1.000755700,
3317.214629552, 1.001068111,
3317.235065063, 1.000742486,
3317.255500474, 1.000790369,
3317.275935784, 1.000872014,
3317.296371294, 1.000752650,
3317.316806703, 1.000497822,
3317.378112929, 1.000654350,
3317.398548337, 1.001025152,
3317.418983745, 1.000610754,
3317.439419152, 1.000640365,
3317.459854559, 1.001453788,
3317.480289965, 1.001366169,
3317.500725372, 1.000610746,
3317.521160777, 1.000693002,
3317.541596183, 1.001054085,
3317.562031588, 1.000718394,
3317.582466893, 1.000676741,
3317.602902397, 1.000896015,
3317.623337801, 1.000653177,
3317.643773104, 1.000670530,
3317.664208608, 1.000301914,
3317.684644010, 1.000777457,
3317.705079313, 1.000307960,
3317.725514815, 1.001285412,
3317.745950217, 1.001064935,
3317.766385618, 1.000923936,
3317.786821019, 1.000730922,
3317.807256420, 1.000637761,
3317.848127220, 1.000875162,
3317.868562619, 1.000287262,
3317.888998019, 1.000460850,
3317.909433417, 1.000455230,
3317.929868816, 1.000696542,
3317.950304214, 1.000313283,
3317.970739711, 1.000126873,
3317.991175009, 1.000177856,
3318.011610406, 0.999945640,
3318.032045902, 0.999895052,
3318.052481198, 1.000304010,
3318.072916594, 1.000229820,
3318.093352090, 1.000182946,
3318.113787385, 1.000296355,
3318.134222779, 1.000208708,
3318.154658274, 1.000258051,
3318.175093568, 1.000119327,
3318.195528961, 1.000128492,
3318.215964454, 1.000104204,
3318.256835140, 0.999878583,
3318.277270632, 0.999768997,
3318.297705923, 1.000136761,
3318.338576806, 0.999881847,
3318.359012196, 1.000170729,
3318.379447486, 1.000193943,
3318.399882976, 1.000230266,
3318.420318266, 0.999951741,
3318.440753755, 0.999403742,
3318.461189143, 0.999611967,
3318.481624432, 0.999787499,
3318.502059920, 0.999850950,
3318.522495307, 1.000099413,
3318.542930594, 0.999833424,
3318.563366081, 0.999877411,
3318.583801468, 0.999914487,
3318.604236854, 0.999687860,
3318.624672239, 0.999601656,
3318.645107625, 1.034069960,
3318.665543009, 1.004124992,
3318.685978394, 1.001897037,
3318.706413778, 1.001559113,
3318.726849162, 1.000474266,
3318.747284545, 1.000143721,
3318.767719928, 1.000446902,
3318.788155311, 1.000441976,
3318.808590793, 1.000124166,
3318.829026075, 0.999886852,
3318.849461456, 0.999908405,
3318.869896938, 0.999728170,
3318.890332218, 0.999675634,
3318.910767598, 0.999770705,
3318.931203078, 0.999612659,
3318.951638358, 0.999660414,
3318.972073737, 0.999687383,
3318.992509216, 0.999587673,
3319.012944494, 0.999545991,
3319.033379872, 0.999637790,
3319.074250727, 0.999370249,
3319.094686004, 0.999175510,
3319.115121381, 0.999570364,
3319.135556757, 0.999082720,
3319.155992132, 0.999373985,
3319.176427608, 0.999072809,
3319.196862883, 0.998890152,
3319.217298257, 0.998952744,
3319.237733731, 0.998676806,
3319.258169005, 0.998855896,
3319.278604378, 0.998892011,
3319.339910496, 0.999572977,
3319.360345968, 0.999097176,
3319.380781240, 0.999202997,
3319.401216611, 0.999406603,
3319.421652081, 0.999082283,
3319.442087452, 0.998949811,
3319.462522722, 0.999322360,
3319.482958191, 0.998898181,
3319.503393560, 0.998814903,
3319.523828829, 0.999014609,
3319.585134933, 0.998803451,
3319.605570400, 0.998915885,
3319.626005767, 0.998488335,
3319.646441233, 0.999532222,
3319.666876499, 0.999059623,
3319.687311865, 0.998842388,
3319.707747330, 0.998939947,
3319.748617959, 0.998410137,
3319.769053423, 0.998585551,
3319.789488687, 0.998742097,
3319.809924050, 0.998436971,
3319.830359413, 0.998319007,
3319.871230138, 0.998294967,
3319.891665499, 0.998835220,
3319.912100860, 0.998332811,
3319.932536221, 0.998229448,
3319.952971582, 0.997919495,
3319.973406942, 0.997983382,
3319.993842302, 0.997852469,
3320.014277761, 0.997692708,
3320.055148379, 0.997584426,
3320.075583837, 0.997435118,
3320.096019094, 0.997680768,
3320.116454452, 0.997633632,
3320.136889909, 0.997509544,
3320.157325165, 0.997619238,
3320.177760521, 0.997563336,
3320.198195977, 0.997140242,
3320.218631232, 0.997263035,
3320.239066587, 0.996933300,
3320.259502042, 0.997421686,
3320.279937396, 0.997338534,
3320.300372650, 0.997036174,
3320.320808103, 0.997054404,
3320.341243456, 0.996926333,
3320.361678709, 0.996721103,
3320.382114161, 0.996751646,
3320.402549513, 0.996927599,
3320.422984764, 0.996558456,
3320.443420215, 0.996609549,
3320.463855565, 0.996452976,
3320.484290815, 0.996715099,
3320.504726265, 0.996575453,
3320.525161615, 0.996485974,
3320.545596864, 0.996362498,
3320.566032312, 0.996458823,
3320.586467660, 0.996247286,
3320.606903008, 0.996190513,
3320.627338355, 0.996122931,
3320.647773702, 0.996233740,
3320.668208949, 0.995630525,
3320.688644395, 0.996236351,
3320.709079741, 0.996021930,
3320.729514986, 0.996143353,
3320.749950431, 0.996135210,
3320.790821020, 0.995852529,
3320.811256463, 0.995392753,
3320.831691806, 0.995316072,
3320.852127049, 0.995044926,
3320.872562492, 0.995686494,
3320.892997834, 0.995245895,
3320.913433076, 0.995169393,
3320.933868517, 0.995394970,
3320.954303858, 0.995200089,
3320.974739198, 0.995231511,
3320.995174538, 0.995212332,
3321.015609878, 0.995025922,
3321.036045217, 0.995000422,
3321.056480556, 0.995127789,
3321.076915894, 0.995740317,
3321.097351333, 0.995424343,
3321.117786670, 0.995105553,
3321.138221907, 0.994765959,
3321.158657344, 0.994562161,
3321.179092681, 0.994952049,
3321.199527917, 0.994802381,
3321.219963352, 0.994797167,
3321.240398687, 0.994453967,
3321.281269356, 0.994471189,
3321.301704690, 0.994300724,
3321.322139924, 0.994019976,
3321.342575357, 0.994960994,
3321.363010689, 0.994515502,
3321.383445922, 0.995241494,
3321.403881354, 0.995722207,
3321.424316585, 0.994927151,
3321.444752016, 0.994318878,
3321.465187347, 0.994163828,
3321.485622577, 0.993972741,
3321.506057907, 0.993944099,
3321.526493336, 0.993672901,
3321.546928665, 0.997342084,
3321.567363894, 0.993704536,
3321.587799322, 0.993623531,
3321.608234650, 0.993498888,
3321.628669877, 0.993161645,
3321.649105304, 0.993251382,
3321.669540630, 0.993290997,
3321.689975857, 0.993238416,
3321.710411282, 0.993249461,
3321.730846608, 0.993215190,
3321.771717257, 0.993507912,
3321.792152581, 0.993256779,
3321.812587905, 0.993010354,
3321.833023228, 0.993102429,
3321.853458550, 0.992892783,
3321.873893873, 0.992793737,
3321.894329194, 0.993223337,
3321.914764516, 0.992735721,
3321.935199837, 0.993050389,
3321.955635258, 0.993271628,
3321.976070478, 0.992967623,
3321.996505798, 0.992372651,
3322.016941218, 0.992344897,
3322.037376436, 0.991751865,
3322.057811755, 0.992300595,
3322.078247173, 0.992442075,
3322.098682391, 0.992622323,
3322.119117708, 0.992538549,
3322.139553125, 0.992438982,
3322.159988342, 0.992067424,
3322.180423658, 0.992248485,
3322.200858973, 0.991801020,
3322.221294289, 0.992021604,
3322.241729604, 0.991841269,
3322.262164918, 0.991927300,
3322.282600232, 0.991727737,
3322.303035545, 0.991784253,
3322.323470859, 0.993521019,
3322.343906171, 0.992171641,
3322.364341483, 0.991793693,
3322.384776895, 0.991730863,
3322.405212107, 0.992075932,
3322.425647418, 0.992171476,
3322.446082828, 0.991676104,
3322.466518039, 0.991452440,
3322.507388757, 0.991480724,
3322.527823966, 0.991782445,
3322.548259275, 0.991767566,
3322.568694683, 0.992079737,
3322.589129891, 0.991459835,
3322.609565198, 0.991032518,
3322.630000604, 0.990814898,
3322.650435911, 0.991155145,
3322.670871217, 0.991136739,
3322.691306522, 0.991460156,
3322.711741827, 0.991321224,
3322.752612436, 0.991166653,
3322.773047740, 0.991045871,
3322.793483144, 0.990854222,
3322.813918347, 0.991034350,
3322.834353649, 0.990896431,
3322.854789051, 0.991021860,
3322.875224252, 0.990665062,
3322.895659554, 0.990670570,
3322.916094855, 0.990885510,
3322.936530155, 0.990720664,
3322.956965455, 0.990905785,
3322.977400855, 0.990834674,
3322.997836053, 0.990832413,
3323.018271352, 0.990715584,
3323.038706650, 0.990216611,
3323.059141948, 0.990304158,
3323.079577245, 0.990782303,
3323.100012542, 0.990696735,
3323.120447839, 0.990597222,
3323.140883135, 0.990453251,
3323.161318431, 0.990313161,
3323.181753726, 0.990558032,
3323.202189021, 0.990914207,
3323.263494902, 0.990379165,
3323.283930295, 0.990326780,
3323.304365488, 0.990618124,
3323.324800780, 0.990497980,
3323.345236172, 0.990348364,
3323.365671363, 0.990337816,
3323.386106654, 0.990629736,
3323.406542045, 0.990099752,
3323.426977234, 0.990922657,
3323.447412524, 0.990618240,
3323.488283202, 0.990399249,
3323.508718390, 0.990497242,
3323.529153778, 0.990802787,
3323.549589065, 0.994614583,
3323.570024252, 0.991055293,
3323.590459639, 0.991574312,
3323.610894925, 0.991164832,
3323.631330110, 0.991179558,
3323.651765496, 0.991182054,
3323.672200780, 0.991189384,
3323.692635965, 0.991153495,
3323.733506632, 0.992556285,
3323.753941815, 0.991261967,
3323.774377198, 0.991179952,
3323.794812380, 0.991005959,
3323.815247662, 0.991648572,
3323.835683043, 0.991548556,
3323.856118224, 0.993115994,
3323.876553504, 0.993440526,
3323.896988884, 0.993249207,
3323.917424164, 0.992569880,
3323.937859343, 0.992029287,
3323.958294722, 0.992050751,
3323.978730000, 0.991710825,
3323.999165178, 0.991786440,
3324.019600555, 0.991833817,
3324.040035832, 0.991893895,
3324.060471008, 0.991714974,
3324.080906384, 0.991914471,
3324.101341659, 0.991964686,
3324.121776835, 0.992294307,
3324.142212209, 0.992425309,
3324.162647483, 0.992335560,
3324.183082658, 0.993662765,
3324.223953304, 0.991701882,
3324.244388576, 0.992503656,
3324.264823848, 0.992347465,
3324.285259120, 0.992642824,
3324.305694391, 0.994229144,
3324.326129761, 0.993383332,
3324.346564932, 0.993002447,
3324.367000202, 0.993824439,
3324.387435571, 0.994893036,
3324.407870740, 0.994351196,
3324.428306008, 0.994813029,
3324.448741376, 0.993881707,
3324.469176544, 0.993684478,
3324.489611911, 0.994599657,
3324.510047078, 0.993908377,
3324.530482344, 0.994253566,
3324.550917710, 0.994076673,
3324.571352875, 0.994014529,
3324.591788140, 0.994147167,
3324.612223504, 0.993748707,
3324.632658668, 0.994309305,
3324.653093932, 0.994250384,
3324.673529295, 0.994634280,
3324.714399720, 0.994352614,
3324.734835081, 0.995543338,
3324.755270343, 0.995564269,
3324.775705504, 0.995427795,
3324.796140864, 0.995677934,
3324.816576124, 0.995434517,
3324.837011284, 0.995823265,
3324.857446643, 0.995868719,
3324.877881901, 0.995941226,
3324.898317059, 0.995742989,
3324.918752417, 0.995810226,
3324.959622831, 0.996080665,
3324.980058187, 0.995868755,
3325.000493443, 0.996153821,
3325.020928599, 0.996247701,
3325.041363954, 0.996484982,
3325.061799208, 0.996383171,
3325.082234463, 0.996560990,
3325.102669716, 0.996540487,
3325.123104969, 0.997082477,
3325.143540222, 0.997010464,
3325.163975574, 0.996572627,
3325.204845978, 0.997222378,
3325.225281328, 0.997257839,
3325.245716479, 0.997174815,
3325.266151729, 0.997130253,
3325.286586978, 0.996941887,
3325.307022228, 0.996948642,
3325.327457476, 0.997168488,
3325.347892725, 0.998286831,
3325.368327972, 0.998389155,
3325.388763120, 0.998284994,
3325.409198466, 0.998305949,
3325.429633713, 0.998670433,
3325.450068958, 0.998725860,
3325.470504204, 0.998719343,
3325.490939449, 0.998782631,
3325.511374693, 0.998946245,
3325.531809938, 0.999027744,
3325.552245182, 0.999062860,
3325.572680424, 0.999127127,
3325.593115767, 0.999177485,
3325.613550910, 0.999027641,
3325.633986151, 0.999560620,
3325.654421493, 0.999422054,
3325.674856634, 0.999739399,
3325.695291874, 0.999646006,
3325.715727214, 0.999634088,
3325.736162353, 1.000012428,
3325.756597592, 1.000169382,
3325.777032931, 1.000266842,
3325.797468069, 1.000295128,
3325.817903307, 1.000299723,
3325.838338644, 1.000757181,
3325.858773781, 1.000748644,
3325.879209017, 1.000655440,
3325.899644353, 1.000741345,
3325.940514723, 1.000820784,
3325.960950058, 1.001600549,
3325.981385292, 1.001242486,
3326.001820425, 1.001495140,
3326.022255758, 1.001708863,
3326.042690991, 1.001706659,
3326.063126123, 1.001475251,
3326.083561455, 1.004351686,
3326.103996586, 1.002705234,
3326.124431817, 1.002809782,
3326.144867147, 1.002382334,
3326.165302277, 1.002053005,
3326.185737506, 1.002044513,
3326.206172835, 1.001988599,
3326.226607963, 1.002192295,
3326.247043191, 1.002655850,
3326.267478518, 1.002426510,
3326.287913745, 1.002390653,
3326.308348972, 1.002646317,
3326.328784198, 1.002744009,
3326.349219424, 1.003413466,
3326.369654649, 1.003013528,
3326.390089873, 1.029295928,
3326.410525098, 1.011807980,
3326.430960421, 1.007360517,
3326.451395545, 1.005806241,
3326.471830768, 1.004922007,
3326.492266090, 1.004297174,
3326.512701212, 1.006999847,
3326.533136433, 1.004740158,
3326.553571754, 1.004223619,
3326.574006875, 1.005681850,
3326.594442095, 1.004011696,
3326.614877414, 1.004150701,
3326.635312533, 1.007893717,
3326.676183070, 1.004977783,
3326.696618188, 1.004523338,
3326.717053405, 1.004440155,
3326.737488721, 1.004698309,
3326.757923938, 1.004739543,
3326.778359054, 1.004749559,
3326.798794369, 1.005537477,
3326.819229584, 1.005159543,
3326.839664698, 1.005085469,
3326.860100012, 1.005118412,
3326.880535125, 1.005085566,
3326.900970338, 1.004689619,
3326.921405651, 1.005494495,
3326.941840763, 1.004947363,
3326.962275974, 1.004605569,
3326.982711286, 1.004836011,
3327.003146396, 1.005115767,
3327.023581607, 1.005139468,
3327.044016916, 1.008319570,
3327.064452025, 1.005872565,
3327.105322542, 1.005359988,
3327.125757750, 1.005603522,
3327.166628164, 1.005247144,
3327.187063370, 1.005445530,
3327.207498476, 1.005410344,
3327.227933782, 1.005648898,
3327.248368986, 1.005856467,
3327.268804091, 1.005966352,
3327.289239395, 1.005823735,
3327.309674598, 1.005868817,
3327.330109701, 1.005946454,
3327.350545004, 1.005758284,
3327.370980206, 1.005762535,
3327.411850608, 1.005748084,
3327.432285809, 1.005817787,
3327.452721009, 1.012817275,
3327.473156209, 1.008249617,
3327.493591408, 1.006632999,
3327.514026606, 1.006646407,
3327.534461805, 1.006559253,
3327.554897003, 1.006760239,
3327.575332200, 1.006608179,
3327.595767397, 1.006425240,
3327.616202593, 1.006378955,
3327.636637789, 1.006814595,
3327.657072984, 1.006826135,
3327.677508179, 1.006782006,
3327.697943374, 1.006811112,
3327.718378567, 1.007431094,
3327.738813760, 1.007064711,
3327.759248854, 1.006620217,
3327.779684146, 1.006840057,
3327.800119338, 1.006293511,
3327.820554529, 1.006651890,
3327.840989721, 1.006635111,
3327.861424911, 1.006578965,
3327.881860101, 1.006839359,
3327.902295291, 1.007231915,
3327.922730480, 1.007334043,
3327.943165668, 1.006857773,
3327.963600956, 1.006974022,
3327.984036044, 1.006549378,
3328.004471231, 1.006729664,
3328.024906518, 1.006620542,
3328.045341604, 1.006459098,
3328.086212075, 1.006468158,
3328.106647160, 1.006539455,
3328.147517628, 1.006218445,
3328.167952711, 1.006419569,
3328.188387894, 1.006719021,
3328.208823176, 1.006758385,
3328.229258258, 1.006618207,
3328.249693439, 1.006643045,
3328.270128720, 1.006600453,
3328.290563900, 1.006643257,
3328.310998980, 1.006535548,
3328.331434260, 1.007138166,
3328.351869439, 1.006748163,
3328.372304517, 1.006595082,
3328.392739795, 1.006628053,
3328.413174972, 1.006867916,
3328.433610050, 1.006887941,
3328.454045326, 1.006906198,
3328.474480402, 1.007056647,
3328.494915577, 1.006552631,
3328.515350852, 1.006596449,
3328.535785927, 1.006550671,
3328.556221201, 1.006730894,
3328.576656375, 1.006864813,
3328.597091448, 1.006859535,
3328.617526720, 1.006978394,
3328.637961892, 1.006839386,
3328.658397064, 1.006826389,
3328.678832235, 1.006612807,
3328.699267405, 1.006605252,
3328.719702575, 1.006398265,
3328.740137745, 1.006693361,
3328.760572914, 1.006796932,
3328.781008083, 1.006753052,
3328.801443351, 1.006986886,
3328.842313586, 1.006636650,
3333.072382681, 1.006917544,
3333.092817742, 1.007067528,
3333.113252701, 1.006665582,
3333.133687860, 1.006595086,
3333.154122819, 1.006577817,
3333.194993035, 1.006420815,
3333.215427992, 1.006528627,
3333.235863049, 1.006127933,
3333.256298205, 1.006290753,
3333.276733160, 1.006189503,
3333.297168215, 1.006171208,
3333.317603370, 1.006128860,
3333.338038323, 1.006109630,
3333.358473377, 1.005876783,
3333.378908530, 1.006032906,
3333.399343582, 1.005801039,
3333.419778534, 1.005786666,
3333.440213685, 1.005630003,
3333.460648736, 1.005782481,
3333.481083686, 1.005684659,
3333.501518836, 1.005640783,
3333.521953885, 1.005518251,
3333.542388833, 1.005384437,
3333.562823981, 1.005807905,
3333.583259028, 1.005688443,
3333.603693975, 1.005529769,
3333.624129122, 1.005779687,
3333.644564167, 1.005804971,
3333.664999113, 1.005898097,
3333.685434257, 1.005792710,
3333.705869302, 1.005622816,
3333.746739388, 1.005813888,
3333.787609473, 1.005385573,
3333.808044615, 1.005207139,
3333.828479556, 1.005696420,
3333.848914596, 1.005540848,
3333.869349736, 1.005420299,
3333.889784675, 1.005050098,
3333.910219714, 1.005362679,
3333.930654752, 1.005776163,
3333.951089790, 1.005465817,
3333.971524827, 1.005166971,
3333.991959864, 1.005228605,
3334.032829835, 1.005025598,
3334.053264970, 1.005139315,
3334.073700005, 1.005434541,
3334.094135139, 1.004848261,
3334.114570072, 1.005131942,
3334.135005105, 1.005188429,
3334.155440237, 1.005057383,
3334.175875169, 1.004976763,
3334.196310200, 1.005003807,
3334.216745331, 1.004808475,
3334.237180361, 1.004977441,
3334.257615290, 1.004917030,
3334.278050420, 1.004973541,
3334.298485448, 1.004946910,
3334.318920376, 1.005210350,
3334.339355503, 1.004970402,
3334.359790530, 1.005002443,
3334.380225456, 1.005300706,
3334.400660582, 1.005055236,
3334.421095607, 1.005107273,
3334.441530532, 1.005285321,
3334.461965656, 1.005333882,
3334.482400680, 1.005010085,
3334.502835603, 1.005364496,
3334.523270725, 1.005097487,
3334.543705747, 1.005400698,
3334.564140768, 1.005465481,
3334.584575789, 1.005021995,
3334.605010809, 1.005094168,
3334.625445829, 1.004894889,
3334.645880848, 1.004908071,
3334.666315867, 1.005160564,
3334.686750885, 1.005320551,
3334.707185902, 1.005357430,
3334.727620919, 1.005608775,
3334.768490952, 1.005101021,
3334.788925967, 1.004892151,
3334.809360881, 1.005080839,
3334.829795996, 1.004962541,
3334.850231009, 1.005082907,
3334.870665923, 1.004579329,
3334.891101035, 1.005045829,
3334.911536047, 1.005008892,
3334.931971058, 1.004779726,
3334.952406069, 1.004893989,
3334.972841080, 1.004891624,
3335.013711099, 1.004792857,
3335.034146108, 1.004892810,
3335.054581116, 1.004806318,
3335.075016223, 1.004916048,
3335.095451130, 1.004681490,
3335.115886137, 1.004680067,
3335.136321243, 1.004649607,
3335.156756148, 1.004738360,
3335.177191153, 1.004760217,
3335.197626257, 1.005142162,
3335.218061161, 1.005357668,
3335.238496164, 1.005289606,
3335.258931267, 1.005641899,
3335.279366169, 1.005107048,
3335.299801170, 1.004814988,
3335.320236271, 1.005050139,
3335.340671171, 1.005639415,
3335.361106171, 1.004868863,
3335.381541270, 1.004782837,
3335.401976269, 1.004723526,
3335.422411168, 1.004395207,
3335.442846265, 1.005262807,
3335.463281262, 1.005156063,
3335.483716159, 1.004589040,
3335.504151255, 1.004606998,
3335.524586150, 1.004870144,
3335.545021145, 1.004439238,
3335.565456239, 1.004499702,
3335.585891133, 1.004523034,
3335.606326126, 1.004458008,
3335.626761218, 1.004780283,
3335.647196110, 1.004641593,
3335.667631102, 1.004915295,
3335.688066193, 1.004653362,
3335.708501083, 1.004469945,
3335.749371162, 1.004376340,
3335.769806151, 1.004347312,
3335.790241039, 1.004259241,
3335.810676126, 1.004614104,
3335.831111114, 1.004323973,
3335.851546000, 1.004269993,
3335.871981086, 1.004219845,
3335.892416071, 1.004249940,
3335.912850956, 1.004237105,
3335.933286040, 1.004544120,
3335.953721024, 1.004361005,
3335.974155907, 1.004318816,
3336.015025971, 1.004228387,
3336.035460853, 1.004199085,
3336.055895933, 1.003919799,
3336.076330914, 1.004163745,
3336.096765893, 1.004288063,
3336.117200873, 1.004212523,
3336.137635851, 1.004530565,
3336.158070829, 1.003974867,
3336.178505807, 1.003375582,
3336.198940784, 1.006205369,
3336.239810736, 1.005091152,
3336.260245711, 1.004716564,
3336.280680685, 1.004350585,
3336.301115660, 1.004434718,
3336.321550633, 1.003968523,
3336.341985606, 1.004259041,
3336.362420578, 1.004182567,
3336.382855550, 1.004268823,
3336.403290422, 1.004027596,
3336.423725492, 1.003768153,
3336.444160463, 1.003762900,
3336.464595432, 1.003947173,
3336.485030401, 1.003895831,
3336.505465369, 1.003974995,
3336.525900337, 1.003577139,
3336.546335304, 1.004081238,
3336.566770271, 1.003676228,
3336.587205237, 1.003913886,
3336.607640303, 1.003782832,
3336.628075168, 1.003981776,
3336.648510132, 1.004391296,
3336.668945196, 1.003423070,
3336.689380060, 1.002405366,
3336.730250085, 1.003735812,
3336.750684946, 1.003400122,
3336.771119907, 1.003443185,
3336.791554968, 1.003504046,
3336.811989828, 1.004332043,
3336.832424887, 1.004083681,
3336.852859846, 1.004020910,
3336.873294704, 1.004084291,
3336.893729762, 1.004355919,
3336.914164719, 1.004055119,
3336.934599675, 1.003846980,
3336.975469587, 1.003272965,
3336.995904541, 1.003148723,
3337.016339496, 1.003397845,
3337.036774449, 1.003221087,
3337.057209402, 1.003089501,
3337.077644355, 1.003026022,
3337.098079307, 1.002957238,
3337.118514158, 1.002704878,
3337.138949209, 1.003062519,
3337.159384159, 1.002974103,
3337.179819009, 1.002646794,
3337.200254058, 1.002446545,
3337.220689007, 1.002696861,
3337.241123854, 1.002566258,
3337.261558902, 1.002613497,
3337.281993849, 1.002506975,
3337.302428795, 1.002368938,
3337.322863741, 1.002407501,
3337.343298685, 1.002372948,
3337.363733630, 1.002625164,
3337.384168574, 1.002386019,
3337.404603518, 1.002015107,
3337.425038460, 1.002350802,
3337.465908344, 1.002085638,
3337.486343285, 1.001967166,
3337.506778325, 1.001831392,
3337.527213166, 1.001846826,
3337.547648105, 1.001905710,
3337.568083144, 1.002138804,
3337.588517982, 1.001837313,
3337.608952919, 1.002120543,
3337.629387956, 1.001701390,
3337.649822793, 1.001659578,
3337.670257729, 1.001602472,
3337.690692764, 1.001720370,
3337.711127599, 1.001899154,
3337.731562533, 1.001571168,
3337.751997567, 1.001601357,
3337.772432500, 1.001324597,
3337.792867332, 1.001410623,
3337.813302364, 1.001080660,
3337.833737195, 1.001015601,
3337.854172126, 1.001076372,
3337.874607156, 1.000998277,
3337.895041985, 1.001122684,
3337.915476914, 1.000688223,
3337.956346770, 1.000842395,
3337.976781698, 1.000540278,
3337.997216724, 1.000944579,
3338.017651550, 1.000944393,
3338.038086476, 1.000899047,
3338.058521501, 1.000398161,
3338.078956325, 1.000566106,
3338.099391249, 1.000452086,
3338.119826272, 1.000648196,
3338.140261195, 1.000626418,
3338.160696017, 1.000518694,
3338.181131038, 1.000624648,
3338.201565959, 1.000029074,
3338.222000779, 1.000028709,
3338.242435799, 0.999980915,
3338.262870718, 1.000024905,
3338.283305537, 1.000685255,
3338.303740554, 0.999890967,
3338.324175472, 1.000083636,
3338.344610289, 0.999817912,
3338.365045305, 1.000276982,
3338.385480221, 1.000091919,
3338.405915136, 0.999994098,
3338.446784964, 0.999936186,
3338.467219877, 0.999721065,
3338.487654790, 0.999933988,
3338.508089702, 1.000170092,
3338.528524614, 0.999881212,
3338.548959525, 1.000056813,
3338.569394435, 0.999734031,
3338.589829345, 0.999660238,
3338.610264254, 1.000167074,
3338.630699163, 0.999582366,
3338.651134071, 0.999984402,
3338.692003885, 0.999831283,
3338.712438691, 0.999845581,
3338.732873697, 0.999416440,
3338.753308602, 0.999607270,
3338.773743407, 0.999293132,
3338.794178410, 0.999370772,
3338.814613314, 0.999471020,
3338.835048217, 0.999385680,
3338.855483119, 0.999330203,
3338.875918020, 0.999017243,
3338.896352921, 0.999603110,
3338.937222721, 0.999122463,
3338.957657621, 0.998793189,
3338.978092619, 0.999509981,
3338.998527418, 1.000223953,
3339.018962315, 0.999789725,
3339.039397312, 0.999462380,
3339.059832108, 0.999277822,
3339.080267004, 0.999320795,
3339.100701999, 0.999512304,
3339.121136794, 0.999120933,
3339.141571688, 0.998940558,
3339.182441474, 0.998949618,
3339.202876366, 0.999075374,
3339.223311358, 0.999116115,
3339.243746249, 0.999188949,
3339.264181039, 0.999045044,
3339.284616029, 0.998830268,
3339.305050918, 0.999073252,
3339.325485707, 0.998896823,
3339.345920695, 0.998940818,
3339.366355583, 0.999146840,
3339.386790369, 1.000960227,
3339.427660242, 0.999781496,
3339.448095026, 0.999534959,
3339.468530011, 0.999319821,
3339.488964795, 0.999627204,
3339.509399678, 0.999243406,
3339.529834661, 0.998992256,
3339.550269443, 0.999055349,
3339.570704425, 0.999049296,
3339.591139306, 0.998947081,
3339.611574086, 0.998984429,
3339.632009066, 0.998950999,
3339.672878824, 0.998977083,
3339.693313701, 0.998949763,
3339.713748579, 0.998941705,
3339.734183456, 0.999272777,
3339.754618332, 0.999036837,
3339.775053208, 0.998984739,
3339.795488083, 0.999051166,
3339.815923057, 0.998898881,
3339.836357831, 0.998979119,
3339.856792705, 0.999236178,
3339.877227677, 0.999166908,
3339.918097321, 0.999513119,
3339.938532291, 0.999382316,
3339.979401932, 0.999423856,
3339.999836901, 0.999256802,
3340.020271669, 0.999055462,
3340.040706537, 0.999381750,
3340.061141504, 0.999486015,
3340.081576371, 0.999427254,
3340.102011137, 0.999647634,
3340.122446102, 0.999789223,
3340.142880968, 0.999726544,
3340.163315732, 0.999677598,
3340.183750696, 0.999928426,
3340.204185459, 0.999697106,
3340.224620321, 1.000144655,
3340.245055283, 1.000004816,
3340.265490044, 1.000044480,
3340.285924905, 1.000441860,
3340.326794625, 0.999923766,
3340.347229484, 1.000267868,
3340.367664442, 1.000083841,
3340.408534057, 1.000345016,
3340.428969014, 1.000636691,
3340.449403770, 1.000546553,
3340.469838625, 1.001969633,
3340.490273580, 1.002166870,
3340.510708434, 1.001745635,
3340.531143187, 1.002184063,
3340.551578140, 1.001131384,
3340.572012993, 1.001113695,
3340.592447745, 1.000872555,
3340.612882696, 1.000796829,
3340.653752296, 1.000944313,
3340.674187245, 1.001117714,
3340.694622094, 1.001036848,
3340.715056842, 1.002097596,
3340.735491790, 1.001103093,
3340.755926637, 1.001078551,
3340.776361483, 1.001162890,
3340.796796329, 1.002456412,
3340.817231174, 1.001697981,
3340.837666019, 1.001684413,
3340.858100863, 1.003342316,
3340.898970549, 1.003798606,
3340.919405391, 1.003831199,
3340.939840232, 1.003529432,
3340.960275073, 1.003267464,
3340.980709914, 1.003053758,
3341.001144753, 1.002987475,
3341.021579593, 1.003275833,
3341.042014431, 1.002878349,
3341.062449269, 1.002586524,
3341.082884006, 1.002489264,
3341.103318943, 1.002195527,
3341.144188514, 1.002759674,
3341.164623449, 1.002658712,
3341.185058284, 1.002834694,
3341.205493117, 1.002602701,
3341.225927950, 1.002730852,
3341.246362783, 1.002760840,
3341.266797615, 1.002729584,
3341.287232446, 1.003073354,
3341.307667277, 1.003091021,
3341.328102107, 1.003223451,
3341.348537036, 1.003028623,
3341.389406593, 1.003223440,
3341.409841520, 1.003494377,
3341.430276247, 1.003350367,
3341.450711074, 1.003139834,
3341.471146000, 1.003262645,
3341.491580725, 1.004371779,
3341.512015549, 1.004434608,
3341.532450474, 1.004226846,
3341.552885197, 1.004435798,
3341.573320020, 1.004255402,
3341.593754942, 1.003892848,
3341.634624484, 1.004291574,
3341.655059405, 1.003953522,
3341.675494224, 1.004003262,
3341.695928943, 1.003916519,
3341.716363862, 1.004181170,
3341.736798680, 1.004362224,
3341.757233397, 1.004387806,
3341.798103030, 1.004808599,
3341.818537845, 1.004733960,
3341.838972760, 1.005226338,
3341.879842288, 1.004790149,
3341.900277201, 1.004912439,
3341.920711913, 1.004930834,
3341.941146725, 1.005815017,
3341.961581636, 1.005132885,
3341.982016347, 1.005301629,
3342.002451257, 1.005710517,
