454.0500736 1285913262908.927
463.7702504 1381663546072.6094
472.6067747 1468364877026.3494
507.0692194 1796804379975.7332
536.2297496 2053442636442.299
552.1354934 2182208728096.4475
572.4594993 2333519400847.977
576.8842589 2364386811707.6895
579.5417136 2382559556276.3823
581.3220133 2394579409096.436
581.3350082 2394666688113.636
583.1250541 2406625898547.2207
583.1445465 2406755432015.8237
584.0541887 2412783643393.285
584.0834272 2412976865831.2837
584.9995668 2419014066614.506
585.0353028 2419248888614.994
585.9644373 2425336522102.787
586.0164169 2425676080288.9355
586.1171273 2426333669364.093
586.939054 2431685424307.8037
587.0495105 2432402591346.2505
588.0078836 2438604757248.1665
588.9889977 2444916317329.1655
590.8115308 2456539168755.5034
592.6438101 2468090773112.5195
592.6957897 2468416524726.6143
594.5410638 2479910771889.6475
594.6515204 2480594490775.5645
595.6261371 2486606148408.326
597.4681625 2497864315493.517
598.433033 2503707182566.616
600.2815559 2514796776764.2183
602.9552543 2530593968393.5127
605.6094603 2545991777177.602
609.1473187 2566075296216.706
610.921121 2575955168942.326
613.5720783 2590484745340.148
616.2262843 2604749022221.7593
618.8772416 2618713332358.7754
621.5346964 2632428852415.33
625.0725548 2650249342523.421
628.6071645 2667554116360.9375
631.2646192 2680236792869.974
633.9155765 2692609081633.9424
636.5665338 2704703219161.7935
639.2239886 2716548797528.8306
642.7585983 2731874487440.1245
646.2964567 2746725398651.818
650.7179676 2764602540945.61
656.0231309 2785059175964.7573
660.4478905 2801300205673.2573
664.8661526 2816780265570.423
669.2844148 2831531460410.179
672.8222732 2842823229298.9297
677.2470328 2856301907019.835
682.5521961 2871530864392.1274
687.8573594 2885758844732.3384
691.3919692 2894690784361.314
696.6938837 2907280069854.85
703.7663519 2922589849127.439
710.8355713 2936236325325.722
716.1407346 2945415701929.285
721.4394005 2953695630327.7114
724.9740102 2958734639324.294
728.5151174 2963400786834.612
731.1693234 2966650878113.389
733.8235294 2969691666739.4307
737.3646366 2973426798034.4976
740.902495 2976796453717.851
745.3272546 2980510242317.835
749.7455168 2983673882549.3535
753.2833752 2985822236304.0435
759.4721909 2988775650251.947
764.7773542 2990511971820.9546
770.089015 2991535201551.5522
776.2778307 2991850316876.5825
781.5797453 2991391292142.6025
786.0012562 2990508512487.0264
789.5326172 2989484654799.426
793.9508793 2987813993906.537
799.2495452 2985253314544.4907
804.5514598 2982100176258.4595
811.6271766 2977002634003.6562
820.4669497 2969264695343.992
828.4198215 2961065286086.55
832.834835 2956029454697.471
839.9040544 2947276225310.8726
846.0961189 2938937875919.8125
853.168587 2928681417850.1567
859.3574028 2919093639390.0513
862.8887638 2913376454476.5435
869.0678333 2902958134536.381
873.4828467 2895201893103.321
877.0142077 2888817158408.5547
881.4292212 2880615547280.788
884.9573334 2873891436203.1875
888.4854457 2867020664884.639
890.2462531 2863537995532.8945
893.7711167 2856461448700.139
898.1796327 2847419207939.001
902.5848999 2838177852012.311
906.1065148 2830647214883.3887
908.7412285 2824932457858.0728
912.2628433 2817189076813.6167
916.6648618 2807346095446.0464
920.1832279 2799352433746.2324
923.6983453 2791257622317.0293
926.3363077 2785113560380.811
928.0906177 2780995532493.8286
931.6024864 2772676713632.8057
935.1111063 2764268210867.586
938.6294724 2755741810889.1533
942.1413411 2747139888037.5537
946.5336134 2736257875727.867
948.281426 2731890594269.504
951.7867972 2723070203753.435
956.1758208 2711914409253.9243
959.6844408 2702910372772.2354
962.3094083 2696125886310.4663
966.6951832 2684701942094.9062
969.316902 2677821947818.6567
971.9418695 2670896550532.918
975.4504895 2661584111856.682
977.2015507 2656913393082.544
978.952612 2652227701103.153
980.6971758 2647544817113.4785
984.1960496 2638110261223.207
985.9373646 2633394287012.928
988.5655809 2626251256617.863
990.306896 2621502483058.066
993.8057697 2611922951334.57
996.4242398 2604722072834.2163
998.1688036 2599909886364.9233
1000.787274 2592665938675.144
1003.408992 2585388354455.655
1006.03396 2578077954038.3066
1007.76228 2573252111921.6143
1007.775275 2573215790122.3433
1009.51659 2568343809057.1753
1011.2709 2563425804426.372
1013.012215 2558534893707.069
1014.766525 2553598335017.4854
1016.514338 2548671181209.867
1018.245907 2543781329003.7583
1018.265399 2543726237531.5615
1019.119813 2541310336219.679
1020.88062 2536325381242.3125
1022.625184 2531378408639.032
1022.63493 2531350750476.7812
1024.382743 2526386776574.5815
1026.130555 2521415293050.9204
1029.635927 2511422906630.84
1031.377242 2506448829853.205
1033.131552 2501431028787.136
1035.772763 2493864452395.5713
1036.636923 2491385776034.041
1038.391233 2486349464546.231
1040.142294 2481316769154.6387
1043.663909 2471178958866.7715
1045.421468 2466111647689.977
1047.182275 2461030079069.694
1048.936585 2455962600754.04
1050.690895 2450890679418.3677
1053.332106 2443246692498.9634
1055.96682 2435612626181.8306
1059.481937 2425414950916.6953
1063.887204 2412616669126.395
1068.29572 2399791489444.7495
1071.817335 2389535887071.2607
1077.106255 2374119326379.5137
1084.162479 2353532092815.3228
1090.341549 2335493852478.8613
1095.630469 2320052200013.7773
1101.80629 2302024759908.6055
1109.746167 2278863613448.097
1115.921987 2260868188583.204
1122.978212 2240336835020.12
1129.157281 2222389761586.4395
