(0, 0.0) 0.0
(1, 0.0) 0.0
(2, 0.0) 0.0
(3, 0.0) 0.0
(4, 0.0) 0.0
(5, 0.0) 0.0
(6, 0.0) 0.0
(7, 0.003676471) 8692599546.025782
(8, 0.008088235) 19270701592.659103
(9, 0.016911765) 40496564240.47778
(10, 0.025735294) 61627451250.61073
(11, 0.041176471) 99096361519.37857
(12, 0.054411765) 130955810979.31848
(13, 0.072058824) 173862351909.35547
(14, 0.091911765) 221780962642.7215
(15, 0.113970588) 275696455552.3264
(16, 0.138235294) 334425581376.867
(17, 0.169117647) 410167205801.1869
(18, 0.204411765) 495836728890.143
(19, 0.272794118) 661889553307.8812
(20, 0.230882353) 561433252519.9891
(21, 0.305882353) 744029028084.2886
(22, 0.356617647) 869649490492.8473
(23, 0.422794118) 1033696237968.9927
(24, 0.460294118) 1130730530014.7676
(25, 0.504411765) 1244934023045.9004
(26, 0.539705882) 1332218917620.9521
(27, 0.592647059) 1469711825542.8196
(28, 0.667647059) 1656161616337.9082
(29, 0.729411765) 1813759779570.3691
(30, 0.780147059) 1948701499513.3157
(31, 0.835294118) 2091331882792.2466
(32, 0.890441176) 2239278599302.94
(33, 0.905882353) 2292420418575.923
(34, 0.908088235) 2311985179261.722
(35, 0.910294118) 2335883248491.1753
(36, 0.914705882) 2356241344799.8496
(37, 0.914705882) 2369531633793.9053
(38, 0.916911765) 2388325023347.3774
(39, 0.916911765) 2401129063602.1167
(40, 0.921323529) 2425318640148.7124
(41, 0.923529412) 2447583216954.0415
(42, 0.923529412) 2463564684560.996
(43, 0.927941176) 2487102081534.2324
(44, 0.927941176) 2498582837719.6807
(45, 0.927941176) 2509805485919.9805
(46, 0.932352941) 2532782260746.0186
(47, 0.932352941) 2547071212807.6675
(48, 0.934558824) 2566976458414.974
(49, 0.936764706) 2589782086475.767
(50, 0.938970588) 2615088652070.424
(51, 0.943382353) 2642697179487.4214
(52, 0.943382353) 2657300794817.79
(53, 0.943382353) 2671216811715.2812
(54, 0.945588235) 2688140199809.7754
(55, 0.95) 2713486811668.8433
(56, 0.952205882) 2734288579418.728
(57, 0.954411765) 2754202192365.352
(58, 0.954411765) 2762726940631.516
(59, 0.954411765) 2774742302819.4907
(60, 0.956617647) 2795801024618.3755
(61, 0.956617647) 2808855484569.0186
(62, 0.958823529) 2824133877695.849
(63, 0.956617647) 2825557363838.277
(64, 0.956617647) 2830377768767.8
(65, 0.961029412) 2847915315692.0044
(66, 0.963235294) 2857582830774.9087
(67, 0.965441176) 2867062615094.316
(68, 0.969852941) 2883786724921.97
(69, 0.972058824) 2893621260088.3447
(70, 0.976470588) 2910380588856.1187
(71, 0.976470588) 2913469790493.21
(72, 0.978676471) 2922153969259.369
(73, 0.980882353) 2931637292408.235
(74, 0.983088235) 2939937136123.832
(75, 0.989705882) 2960739985185.627
(76, 0.991911765) 2967651528428.8604
(77, 0.991911765) 2967196216394.7993
(78, 0.994117647) 2972917285767.0728
(79, 0.991911765) 2965305000382.514
(80, 0.991911765) 2963647852187.5327
(81, 0.989705882) 2954522764664.6787
(82, 0.989705882) 2951402085156.234
(83, 0.994117647) 2959490853628.517
(84, 0.996323529) 2958348279800.2363
(85, 0.996323529) 2950179015433.146
(86, 0.994117647) 2938641045966.5435
(87, 0.994117647) 2929939306165.0864
(88, 0.998529412) 2934615909146.7393
(89, 1.000735294) 2930834859724.614
(90, 1.002941176) 2927679207543.978
(91, 1.000735294) 2915518642703.2617
(92, 0.996323529) 2892285493140.544
(93, 0.994117647) 2878171293561.819
(94, 0.991911765) 2865451726359.314
(95, 0.989705882) 2850962150924.445
(96, 0.985294118) 2831628327861.5728
(97, 0.980882353) 2812209975871.6694
(98, 0.976470588) 2796160630258.3467
(99, 0.969852941) 2770347536874.9507
(100, 0.963235294) 2742734677900.3706
(101, 0.954411765) 2708790333122.9785
(102, 0.945588235) 2676626703829.249
(103, 0.934558824) 2640065555695.27
(104, 0.925735294) 2607971358277.642
(105, 0.914705882) 2567895986314.232
(106, 0.903676471) 2529708928413.0566
(107, 0.890441176) 2485450719734.9395
(108, 0.881617647) 2455405263730.723
(109, 0.872794118) 2427236542944.891
(110, 0.857352941) 2377162534875.301
(111, 0.839705882) 2321172276091.128
(112, 0.828676471) 2283618398834.773
(113, 0.813235294) 2234071114507.347
(114, 0.795588235) 2176934573855.183
(115, 0.782352941) 2137302640916.9841
(116, 0.7625) 2076341030361.9941
(117, 0.742647059) 2013995260292.1494
(118, 0.725) 1959610020259.8706
(119, 0.707352941) 1907112574987.94
(120, 0.685294118) 1839810449500.8157
(121, 0.665441176) 1781932986075.0574
(122, 0.647794118) 1730191075221.7139
(123, 0.630147059) 1677189400367.6152
(124, 0.619117647) 1644941968208.0508
(125, 0.608088235) 1612788461581.9236
(126, 0.592647059) 1569059649432.996
(127, 0.568382353) 1499455317747.491
(128, 0.550735294) 1450303176875.9854
(129, 0.535294118) 1405816850057.6506
(130, 0.517647059) 1357013050516.205
(131, 0.493382353) 1288676691584.1545
(132, 0.471323529) 1227666799432.418
(133, 0.455882353) 1185253036584.004
(134, 0.433823529) 1124759487034.1484
(135, 0.413970588) 1070274737302.3597
(136, 0.396323529) 1021752952781.5615
(137, 0.369852941) 951724861528.6702
(138, 0.378676471) 974416274525.0056
(139, 0.361029412) 927247655197.7522
(140, 0.352205882) 902853646389.5499
(141, 0.334558824) 855980425201.6019
(142, 0.325735294) 831797104414.831
(143, 0.3125) 796459744128.0835
(144, 0.288235294) 733207559237.1089
(145, 0.301470588) 766858644539.6675
(146, 0.281617647) 715677837182.965
(147, 0.277205882) 703084314346.2615
(148, 0.261764706) 662625524912.1442
(149, 0.268382353) 679369870681.2744
(150, 0.255147059) 644600155939.4946
(151, 0.241911765) 609960023839.9404
(152, 0.222058824) 557683617213.1061
(153, 0.204411765) 512347629192.47833
(154, 0.195588235) 489250479894.71014
(155, 0.188970588) 471267031961.4891
(156, 0.175735294) 437824411818.7603
(157, 0.166911765) 415000977534.2163
(158, 0.155882353) 386793496514.1829
(159, 0.147058824) 363408671584.4918
(160, 0.140441176) 346343619948.87805
(161, 0.136029412) 334772474570.16394
(162, 0.127205882) 312412888787.9315
(163, 0.118382353) 290142205575.315
(164, 0.111764706) 273068748272.61905
(165, 0.100735294) 245352153968.53882
(166, 0.0875) 212223808205.21082
(167, 0.078676471) 189816165402.6394
(168, 0.072058824) 172926152574.59705
(169, 0.063235294) 151103004342.50195
(170, 0.054411765) 129180022868.9204
(171, 0.045588235) 107293374127.30675
(172, 0.041176471) 96167394887.27411
(173, 0.032352941) 75060511943.96594
(174, 0.025735294) 59243283991.527374
(175, 0.016911765) 38539605897.68506
(176, 0.010294118) 23273643915.721756
(177, 0.001470588) 3294612465.5385685
(178, 0.0) 0.0
